# Static simulation
# Job: job_0003
# Scale: global
# Data key: K_mod
# Timestamp (runner starts): 2025-05-05_18-10-06
# Data:
0, 0, 1.000000e+36
1, 1, 1.000000e+36
2, 2, 1.000000e+36
3, 3, 1.000000e+36
4, 4, 1.000000e+36
5, 5, 1.000000e+36
6, 6, 6.283805e+127
6, 7, 6.095464e+127
6, 8, -7.109222e+69
6, 9, -1.262440e+10
6, 10, -5.712085e+68
6, 11, -4.039281e+13
6, 12, 2.752984e+68
6, 13, 1.046405e+68
6, 14, -6.444404e+10
6, 15, -6.257592e+11
6, 16, -4.052206e+13
6, 17, -9.505093e-101
7, 6, 6.095464e+127
7, 7, 1.751735e+128
7, 8, 1.381561e+70
7, 9, 2.711144e+67
7, 10, 6.002824e+126
7, 11, 1.683045e+12
7, 12, 3.205091e+69
7, 13, 1.809773e+69
7, 14, -3.412557e+12
7, 15, 8.676821e+11
7, 16, -4.430576e+12
7, 17, 2.400048e+11
8, 6, -7.109222e+69
8, 7, 1.381561e+70
8, 8, 9.629273e+110
8, 9, -6.242309e+11
8, 10, 4.507912e+31
8, 11, 2.505157e+13
8, 12, -5.308988e+70
8, 13, -3.200985e+70
8, 14, -2.208084e+13
8, 15, -8.649376e+12
8, 16, 3.973956e+13
8, 17, -2.958781e+09
9, 6, -1.262440e+10
9, 7, 2.711144e+67
9, 8, -6.242309e+11
9, 9, 9.562690e+10
9, 10, 1.030501e+67
9, 11, 9.480906e+11
9, 12, 2.103897e+69
9, 13, 1.391212e+69
9, 14, 7.703359e+11
9, 15, 6.599595e+11
9, 16, 6.165140e+10
9, 17, -6.666800e+08
10, 6, -5.712085e+68
10, 7, 6.002824e+126
10, 8, 4.507912e+31
10, 9, 1.030501e+67
10, 10, 5.822905e+126
10, 11, 5.314796e+33
10, 12, 3.205091e+69
10, 13, 1.809773e+69
10, 14, 7.087167e+30
10, 15, 1.021447e+30
10, 16, 5.322356e+33
10, 17, -2.362389e+29
11, 6, -4.039281e+13
11, 7, 1.683045e+12
11, 8, 2.505157e+13
11, 9, 9.480906e+11
11, 10, 5.314796e+33
11, 11, 9.954017e+15
11, 12, 6.416061e+70
11, 13, 1.255686e+70
11, 14, 4.977032e+13
11, 15, 1.190226e+14
11, 16, 9.918178e+15
11, 17, 1.333360e+10
12, 6, 2.752984e+68
12, 7, 3.205091e+69
12, 8, -5.308988e+70
12, 9, 2.103897e+69
12, 10, 3.205091e+69
12, 11, 6.416061e+70
12, 12, 1.574423e+128
12, 13, 6.095464e+127
12, 14, 5.308988e+70
12, 15, 5.121576e+70
12, 16, 2.103897e+69
12, 17, -4.027031e+13
12, 18, -1.945504e+11
12, 19, -2.426236e+12
12, 20, -9.768438e+10
12, 21, -1.697252e+12
12, 22, -4.052206e+13
12, 23, -3.385806e+13
13, 6, 1.046405e+68
13, 7, 1.809773e+69
13, 8, -3.200985e+70
13, 9, 1.391212e+69
13, 10, 1.809773e+69
13, 11, 1.255686e+70
13, 12, 6.095464e+127
13, 13, 5.912768e+127
13, 14, 3.200985e+70
13, 15, 6.225369e+12
13, 16, 1.391212e+69
13, 17, 1.720895e+12
13, 18, -2.370016e+11
13, 19, -5.600112e+12
13, 20, -3.316071e+12
13, 21, 1.252021e+12
13, 22, -4.430576e+12
13, 23, 2.400048e+11
14, 6, -6.444404e+10
14, 7, -3.412557e+12
14, 8, -2.208084e+13
14, 9, 7.703359e+11
14, 10, 7.087167e+30
14, 11, 4.977032e+13
14, 12, 5.308988e+70
14, 13, 3.200985e+70
14, 14, 5.872395e+13
14, 15, 1.052324e+13
14, 16, 4.710277e+13
14, 17, 2.656510e+13
14, 18, 3.111800e+11
14, 19, 2.588863e+12
14, 20, -2.026206e+13
14, 21, -1.434252e+13
14, 22, 3.979621e+13
14, 23, 3.385264e+13
15, 6, -6.257592e+11
15, 7, 8.676821e+11
15, 8, -8.649376e+12
15, 9, 6.599595e+11
15, 10, 1.021447e+30
15, 11, 1.190226e+14
15, 12, 5.121576e+70
15, 13, 6.225369e+12
15, 14, 1.052324e+13
15, 15, 5.013200e+13
15, 16, 8.929384e+13
15, 17, 8.956513e+13
15, 18, 7.401081e+11
15, 19, 5.928960e+12
15, 20, 1.503377e+12
15, 21, 1.077548e+13
15, 22, 8.869605e+13
15, 23, 8.863373e+13
16, 6, -4.052206e+13
16, 7, -4.430576e+12
16, 8, 3.973956e+13
16, 9, 6.165140e+10
16, 10, 5.322356e+33
16, 11, 9.918178e+15
16, 12, 2.103897e+69
16, 13, 1.391212e+69
16, 14, 4.710277e+13
16, 15, 8.929384e+13
16, 16, 9.931617e+15
16, 17, 3.341853e+12
16, 18, 9.118392e+10
16, 19, 7.000446e-98
16, 20, 2.986581e+12
16, 21, 1.095324e+12
16, 22, 5.333360e+10
16, 23, -4.575545e-101
17, 6, -9.505093e-101
17, 7, 2.400048e+11
17, 8, -2.958781e+09
17, 9, -6.666800e+08
17, 10, -2.362389e+29
17, 11, 1.333360e+10
17, 12, -4.027031e+13
17, 13, 1.720895e+12
17, 14, 2.656510e+13
17, 15, 8.956513e+13
17, 16, 3.341853e+12
17, 17, 9.954280e+15
17, 18, 4.064474e+13
17, 19, 5.766262e+14
17, 20, 5.710645e+13
17, 21, 3.190915e+14
17, 22, 9.918178e+15
17, 23, 9.117948e+15
18, 12, -1.945504e+11
18, 13, -2.370016e+11
18, 14, 3.111800e+11
18, 15, 7.401081e+11
18, 16, 9.118392e+10
18, 17, 4.064474e+13
18, 18, 4.540676e+11
18, 19, 1.838671e+12
18, 20, 4.276705e+11
18, 21, 3.536310e+10
18, 22, 4.100158e+13
18, 23, -6.411129e+12
18, 24, -1.757440e+11
18, 25, -2.320259e+12
18, 26, 1.460158e+11
18, 27, -1.678664e+12
18, 28, -4.032492e+13
18, 29, -4.041483e+13
19, 12, -2.426236e+12
19, 13, -5.600112e+12
19, 14, 2.588863e+12
19, 15, 5.928960e+12
19, 16, 7.000446e-98
19, 17, 5.766262e+14
19, 18, 1.838671e+12
19, 19, 5.486261e+13
19, 20, 6.635771e+12
19, 21, 2.810379e+13
19, 22, 5.817031e+14
19, 23, 6.139682e+14
19, 24, 5.016184e+11
19, 25, 3.088480e+11
19, 26, -2.452952e+12
19, 27, 1.107209e+13
19, 28, 8.430031e+13
19, 29, 8.998385e+13
20, 12, -9.768438e+10
20, 13, -3.316071e+12
20, 14, -2.026206e+13
20, 15, 1.503377e+12
20, 16, 2.986581e+12
20, 17, 5.710645e+13
20, 18, 4.276705e+11
20, 19, 6.635771e+12
20, 20, 6.048608e+13
20, 21, 1.951505e+13
20, 22, 5.376944e+13
20, 23, 6.042316e+13
20, 24, 3.111800e+11
20, 25, 2.588863e+12
20, 26, -1.813530e+13
20, 27, -1.434252e+13
20, 28, 4.150278e+13
20, 29, 3.110722e+13
21, 12, -1.697252e+12
21, 13, 1.252021e+12
21, 14, -1.434252e+13
21, 15, 1.077548e+13
21, 16, 1.095324e+12
21, 17, 3.190915e+14
21, 18, 3.536310e+10
21, 19, 2.810379e+13
21, 20, 1.951505e+13
21, 21, 7.528327e+13
21, 22, 2.869893e+14
21, 23, 4.843651e+14
21, 24, 1.834284e+12
21, 25, 1.798731e+13
21, 26, 2.588472e+12
21, 27, 2.201777e+13
21, 28, 2.860905e+14
21, 29, 2.866917e+14
22, 12, -4.052206e+13
22, 13, -4.430576e+12
22, 14, 3.979621e+13
22, 15, 8.869605e+13
22, 16, 5.333360e+10
22, 17, 9.918178e+15
22, 18, 4.100158e+13
22, 19, 5.817031e+14
22, 20, 5.376944e+13
22, 21, 2.869893e+14
22, 22, 9.931617e+15
22, 23, 9.121277e+15
22, 24, 9.118392e+10
22, 25, 2.004892e-109
22, 26, 5.113340e+12
22, 27, 1.095324e+12
22, 28, 1.759908e+12
22, 29, 6.963260e+11
23, 12, -3.385806e+13
23, 13, 2.400048e+11
23, 14, 3.385264e+13
23, 15, 8.863373e+13
23, 16, -4.575545e-101
23, 17, 9.117948e+15
23, 18, -6.411129e+12
23, 19, 6.139682e+14
23, 20, 6.042316e+13
23, 21, 4.843651e+14
23, 22, 9.121277e+15
23, 23, 1.907221e+16
23, 24, 4.064474e+13
23, 25, 5.766262e+14
23, 26, 5.884703e+13
23, 27, 3.190915e+14
23, 28, 9.918847e+15
23, 29, 9.948342e+15
24, 18, -1.757440e+11
24, 19, 5.016184e+11
24, 20, 3.111800e+11
24, 21, 1.834284e+12
24, 22, 9.118392e+10
24, 23, 4.064474e+13
24, 24, 4.548084e+11
24, 25, 6.878454e+11
24, 26, 4.972800e+11
24, 27, 3.554829e+10
24, 28, 3.962235e+13
24, 29, 2.523352e+11
24, 30, -1.742625e+11
24, 31, -2.079533e+12
24, 32, 2.026656e+11
24, 33, -1.677183e+12
24, 34, -4.019940e+13
24, 35, -4.039507e+13
25, 18, -2.320259e+12
25, 19, 3.088480e+11
25, 20, 2.588863e+12
25, 21, 1.798731e+13
25, 22, 2.004892e-109
25, 23, 5.766262e+14
25, 24, 6.878454e+11
25, 25, 6.610490e+13
25, 26, 7.729947e+12
25, 27, 3.934608e+13
25, 28, 5.894253e+14
25, 29, 8.647015e+14
25, 30, 1.595794e+12
25, 31, 1.345621e+13
25, 32, -1.358776e+12
25, 33, 2.231439e+13
25, 34, 2.818248e+14
25, 35, 2.877682e+14
26, 18, 1.460158e+11
26, 19, -2.452952e+12
26, 20, -1.813530e+13
26, 21, 2.588472e+12
26, 22, 5.113340e+12
26, 23, 5.884703e+13
26, 24, 4.972800e+11
26, 25, 7.729947e+12
26, 26, 6.261284e+13
26, 27, 1.952413e+13
26, 28, 5.688249e+13
26, 29, 7.650192e+13
26, 30, 3.111800e+11
26, 31, 8.062803e+12
26, 32, -1.813530e+13
26, 33, -1.434252e+13
26, 34, 4.362954e+13
26, 35, 2.430934e+13
27, 18, -1.678664e+12
27, 19, 1.107209e+13
27, 20, -1.434252e+13
27, 21, 2.201777e+13
27, 22, 1.095324e+12
27, 23, 3.190915e+14
27, 24, 3.554829e+10
27, 25, 3.934608e+13
27, 26, 1.952413e+13
27, 27, 7.528327e+13
27, 28, 2.946771e+14
27, 29, 6.033928e+14
27, 30, 1.834284e+12
27, 31, 1.872935e+13
27, 32, 2.588472e+12
27, 33, 2.201777e+13
27, 34, 2.860814e+14
27, 35, 2.869872e+14
28, 18, -4.032492e+13
28, 19, 8.430031e+13
28, 20, 4.150278e+13
28, 21, 2.860905e+14
28, 22, 1.759908e+12
28, 23, 9.918847e+15
28, 24, 3.962235e+13
28, 25, 5.894253e+14
28, 26, 5.688249e+13
28, 27, 2.946771e+14
28, 28, 9.949933e+15
28, 29, 1.030970e+16
28, 30, 1.500122e+12
28, 31, 2.384371e+13
28, 32, 6.705646e+12
28, 33, 8.781896e+12
28, 34, 3.922556e+14
28, 35, 3.892645e+14
29, 18, -4.041483e+13
29, 19, 8.998385e+13
29, 20, 3.110722e+13
29, 21, 2.866917e+14
29, 22, 6.963260e+11
29, 23, 9.948342e+15
29, 24, 2.523352e+11
29, 25, 8.647015e+14
29, 26, 7.650192e+13
29, 27, 6.033928e+14
29, 28, 1.030970e+16
29, 29, 1.990261e+16
29, 30, 4.064474e+13
29, 31, 5.864172e+14
29, 32, 5.884703e+13
29, 33, 3.190915e+14
29, 34, 9.920588e+15
29, 35, 9.951008e+15
30, 24, -1.742625e+11
30, 25, 1.595794e+12
30, 26, 3.111800e+11
30, 27, 1.834284e+12
30, 28, 1.500122e+12
30, 29, 4.064474e+13
30, 30, 4.548084e+11
30, 31, 8.152730e+11
30, 32, 4.972800e+11
30, 33, 3.554829e+10
30, 34, 3.947539e+13
30, 35, 2.523352e+11
30, 36, -6.140174e+10
30, 37, -1.978574e+12
30, 38, 2.026656e+11
30, 39, -1.677183e+12
30, 40, -4.019940e+13
30, 41, -4.039507e+13
31, 24, -2.079533e+12
31, 25, 1.345621e+13
31, 26, 8.062803e+12
31, 27, 1.872935e+13
31, 28, 2.384371e+13
31, 29, 5.864172e+14
31, 30, 8.152730e+11
31, 31, 8.642715e+13
31, 32, 5.737182e+12
31, 33, 4.615508e+13
31, 34, 5.935965e+14
31, 35, 8.714994e+14
31, 36, 2.705240e+12
31, 37, 1.475826e+13
31, 38, -1.358776e+12
31, 39, 2.231439e+13
31, 40, 2.818248e+14
31, 41, 2.877682e+14
32, 24, 2.026656e+11
32, 25, -1.358776e+12
32, 26, -1.813530e+13
32, 27, 2.588472e+12
32, 28, 6.705646e+12
32, 29, 5.884703e+13
32, 30, 4.972800e+11
32, 31, 5.737182e+12
32, 32, 6.261284e+13
32, 33, 1.952413e+13
32, 34, 5.923787e+13
32, 35, 8.329980e+13
32, 36, -9.100910e+12
32, 37, -1.286355e+13
32, 38, -1.813530e+13
32, 39, -1.434252e+13
32, 40, 4.362954e+13
32, 41, 2.430934e+13
33, 24, -1.677183e+12
33, 25, 2.231439e+13
33, 26, -1.434252e+13
33, 27, 2.201777e+13
33, 28, 8.781896e+12
33, 29, 3.190915e+14
33, 30, 3.554829e+10
33, 31, 4.615508e+13
33, 32, 1.952413e+13
33, 33, 7.528327e+13
33, 34, 2.976416e+14
33, 35, 6.060594e+14
33, 36, 2.492287e+12
33, 37, 1.962255e+13
33, 38, 2.588472e+12
33, 39, 2.201777e+13
33, 40, 2.860814e+14
33, 41, 2.869872e+14
34, 24, -4.019940e+13
34, 25, 2.818248e+14
34, 26, 4.362954e+13
34, 27, 2.860814e+14
34, 28, 3.922556e+14
34, 29, 9.920588e+15
34, 30, 3.947539e+13
34, 31, 5.935965e+14
34, 32, 5.923787e+13
34, 33, 2.976416e+14
34, 34, 9.952958e+15
34, 35, 1.033665e+16
34, 36, 2.428719e+12
34, 37, 2.777900e+13
34, 38, 7.151717e+12
34, 39, 1.174643e+13
34, 40, 4.191461e+14
34, 41, 4.159218e+14
35, 24, -4.039507e+13
35, 25, 2.877682e+14
35, 26, 2.430934e+13
35, 27, 2.869872e+14
35, 28, 3.892645e+14
35, 29, 9.951008e+15
35, 30, 2.523352e+11
35, 31, 8.714994e+14
35, 32, 8.329980e+13
35, 33, 6.060594e+14
35, 34, 1.033665e+16
35, 35, 1.990527e+16
35, 36, 7.103800e+13
35, 37, 6.043543e+14
35, 38, 5.884703e+13
35, 39, 3.190915e+14
35, 40, 9.920588e+15
35, 41, 9.951008e+15
36, 30, -6.140174e+10
36, 31, 2.705240e+12
36, 32, -9.100910e+12
36, 33, 2.492287e+12
36, 34, 2.428719e+12
36, 35, 7.103800e+13
36, 36, 3.084808e+13
36, 37, 1.849852e+13
36, 38, 9.909370e+12
36, 39, 3.042882e+13
36, 40, 3.972028e+13
36, 41, 3.064560e+13
36, 42, -3.917941e+10
36, 43, -1.978574e+12
36, 44, 2.026656e+11
36, 45, -1.677183e+12
36, 46, -4.019940e+13
36, 47, -4.039507e+13
37, 30, -1.978574e+12
37, 31, 1.475826e+13
37, 32, -1.286355e+13
37, 33, 1.962255e+13
37, 34, 2.777900e+13
37, 35, 6.043543e+14
37, 36, 1.849852e+13
37, 37, 1.082856e+14
37, 38, 2.800244e+13
37, 39, 6.383177e+13
37, 40, 5.951614e+14
37, 41, 8.891739e+14
37, 42, 3.089579e+12
37, 43, 1.475826e+13
37, 44, -1.358776e+12
37, 45, 2.231439e+13
37, 46, 2.818248e+14
37, 47, 2.877682e+14
38, 30, 2.026656e+11
38, 31, -1.358776e+12
38, 32, -1.813530e+13
38, 33, 2.588472e+12
38, 34, 7.151717e+12
38, 35, 5.884703e+13
38, 36, 9.909370e+12
38, 37, 2.800244e+13
38, 38, 6.261284e+13
38, 39, 1.952413e+13
38, 40, 5.923787e+13
38, 41, 8.329980e+13
38, 42, -1.589879e+13
38, 43, -1.286355e+13
38, 44, -1.813530e+13
38, 45, -1.434252e+13
38, 46, 4.362954e+13
38, 47, 2.430934e+13
39, 30, -1.677183e+12
39, 31, 2.231439e+13
39, 32, -1.434252e+13
39, 33, 2.201777e+13
39, 34, 1.174643e+13
39, 35, 3.190915e+14
39, 36, 3.042882e+13
39, 37, 6.383177e+13
39, 38, 1.952413e+13
39, 39, 7.528327e+13
39, 40, 2.976416e+14
39, 41, 6.060594e+14
39, 42, 2.787736e+12
39, 43, 1.962255e+13
39, 44, 2.588472e+12
39, 45, 2.201777e+13
39, 46, 2.860814e+14
39, 47, 2.869872e+14
40, 30, -4.019940e+13
40, 31, 2.818248e+14
40, 32, 4.362954e+13
40, 33, 2.860814e+14
40, 34, 4.191461e+14
40, 35, 9.920588e+15
40, 36, 3.972028e+13
40, 37, 5.951614e+14
40, 38, 5.923787e+13
40, 39, 2.976416e+14
40, 40, 9.952958e+15
40, 41, 1.033665e+16
40, 42, 2.813058e+12
40, 43, 2.777900e+13
40, 44, 7.151717e+12
40, 45, 1.174643e+13
40, 46, 4.191461e+14
40, 47, 4.159218e+14
41, 30, -4.039507e+13
41, 31, 2.877682e+14
41, 32, 2.430934e+13
41, 33, 2.869872e+14
41, 34, 4.159218e+14
41, 35, 9.951008e+15
41, 36, 3.064560e+13
41, 37, 8.891739e+14
41, 38, 8.329980e+13
41, 39, 6.060594e+14
41, 40, 1.033665e+16
41, 41, 1.990527e+16
41, 42, 7.370468e+13
41, 43, 6.043543e+14
41, 44, 5.884703e+13
41, 45, 3.190915e+14
41, 46, 9.920588e+15
41, 47, 9.951008e+15
42, 36, -3.917941e+10
42, 37, 3.089579e+12
42, 38, -1.589879e+13
42, 39, 2.787736e+12
42, 40, 2.813058e+12
42, 41, 7.370468e+13
42, 42, 3.351476e+13
42, 43, 2.529641e+13
42, 44, 1.670725e+13
42, 45, 3.309550e+13
42, 46, 4.001573e+13
42, 47, 3.331228e+13
42, 48, -3.917941e+10
42, 49, -1.978574e+12
42, 50, 2.026656e+11
42, 51, -1.677183e+12
42, 52, -4.019940e+13
42, 53, -4.039507e+13
43, 36, -1.978574e+12
43, 37, 1.475826e+13
43, 38, -1.286355e+13
43, 39, 1.962255e+13
43, 40, 2.777900e+13
43, 41, 6.043543e+14
43, 42, 2.529641e+13
43, 43, 1.082856e+14
43, 44, 2.800244e+13
43, 45, 6.383177e+13
43, 46, 5.951614e+14
43, 47, 8.891739e+14
43, 48, 3.089579e+12
43, 49, 1.475826e+13
43, 50, -1.358776e+12
43, 51, 2.231439e+13
43, 52, 2.818248e+14
43, 53, 2.877682e+14
44, 36, 2.026656e+11
44, 37, -1.358776e+12
44, 38, -1.813530e+13
44, 39, 2.588472e+12
44, 40, 7.151717e+12
44, 41, 5.884703e+13
44, 42, 1.670725e+13
44, 43, 2.800244e+13
44, 44, 6.261284e+13
44, 45, 1.952413e+13
44, 46, 5.923787e+13
44, 47, 8.329980e+13
44, 48, -1.589879e+13
44, 49, -1.286355e+13
44, 50, -1.813530e+13
44, 51, -1.434252e+13
44, 52, 4.362954e+13
44, 53, 2.430934e+13
45, 36, -1.677183e+12
45, 37, 2.231439e+13
45, 38, -1.434252e+13
45, 39, 2.201777e+13
45, 40, 1.174643e+13
45, 41, 3.190915e+14
45, 42, 3.309550e+13
45, 43, 6.383177e+13
45, 44, 1.952413e+13
45, 45, 7.528327e+13
45, 46, 2.976416e+14
45, 47, 6.060594e+14
45, 48, 2.787736e+12
45, 49, 1.962255e+13
45, 50, 2.588472e+12
45, 51, 2.201777e+13
45, 52, 2.860814e+14
45, 53, 2.869872e+14
46, 36, -4.019940e+13
46, 37, 2.818248e+14
46, 38, 4.362954e+13
46, 39, 2.860814e+14
46, 40, 4.191461e+14
46, 41, 9.920588e+15
46, 42, 4.001573e+13
46, 43, 5.951614e+14
46, 44, 5.923787e+13
46, 45, 2.976416e+14
46, 46, 9.952958e+15
46, 47, 1.033665e+16
46, 48, 2.813058e+12
46, 49, 2.777900e+13
46, 50, 7.151717e+12
46, 51, 1.174643e+13
46, 52, 4.191461e+14
46, 53, 4.159218e+14
47, 36, -4.039507e+13
47, 37, 2.877682e+14
47, 38, 2.430934e+13
47, 39, 2.869872e+14
47, 40, 4.159218e+14
47, 41, 9.951008e+15
47, 42, 3.331228e+13
47, 43, 8.891739e+14
47, 44, 8.329980e+13
47, 45, 6.060594e+14
47, 46, 1.033665e+16
47, 47, 1.990527e+16
47, 48, 7.370468e+13
47, 49, 6.043543e+14
47, 50, 5.884703e+13
47, 51, 3.190915e+14
47, 52, 9.920588e+15
47, 53, 9.951008e+15
48, 42, -3.917941e+10
48, 43, 3.089579e+12
48, 44, -1.589879e+13
48, 45, 2.787736e+12
48, 46, 2.813058e+12
48, 47, 7.370468e+13
48, 48, 3.351476e+13
48, 49, 2.529641e+13
48, 50, 1.670725e+13
48, 51, 3.309550e+13
48, 52, 4.001573e+13
48, 53, 3.331228e+13
48, 54, -3.917941e+10
48, 55, -1.978574e+12
48, 56, 2.026656e+11
48, 57, -1.677183e+12
48, 58, -4.019940e+13
48, 59, -4.039507e+13
49, 42, -1.978574e+12
49, 43, 1.475826e+13
49, 44, -1.286355e+13
49, 45, 1.962255e+13
49, 46, 2.777900e+13
49, 47, 6.043543e+14
49, 48, 2.529641e+13
49, 49, 1.082856e+14
49, 50, 2.800244e+13
49, 51, 6.383177e+13
49, 52, 5.951614e+14
49, 53, 8.891739e+14
49, 54, 3.089579e+12
49, 55, 1.475826e+13
49, 56, -1.358776e+12
49, 57, 2.231439e+13
49, 58, 2.818248e+14
49, 59, 2.877682e+14
50, 42, 2.026656e+11
50, 43, -1.358776e+12
50, 44, -1.813530e+13
50, 45, 2.588472e+12
50, 46, 7.151717e+12
50, 47, 5.884703e+13
50, 48, 1.670725e+13
50, 49, 2.800244e+13
50, 50, 6.261284e+13
50, 51, 1.952413e+13
50, 52, 5.923787e+13
50, 53, 8.329980e+13
50, 54, -1.589879e+13
50, 55, -1.286355e+13
50, 56, -1.813530e+13
50, 57, -1.434252e+13
50, 58, 4.362954e+13
50, 59, 2.430934e+13
51, 42, -1.677183e+12
51, 43, 2.231439e+13
51, 44, -1.434252e+13
51, 45, 2.201777e+13
51, 46, 1.174643e+13
51, 47, 3.190915e+14
51, 48, 3.309550e+13
51, 49, 6.383177e+13
51, 50, 1.952413e+13
51, 51, 7.528327e+13
51, 52, 2.976416e+14
51, 53, 6.060594e+14
51, 54, 2.787736e+12
51, 55, 1.962255e+13
51, 56, 2.588472e+12
51, 57, 2.201777e+13
51, 58, 2.860814e+14
51, 59, 2.869872e+14
52, 42, -4.019940e+13
52, 43, 2.818248e+14
52, 44, 4.362954e+13
52, 45, 2.860814e+14
52, 46, 4.191461e+14
52, 47, 9.920588e+15
52, 48, 4.001573e+13
52, 49, 5.951614e+14
52, 50, 5.923787e+13
52, 51, 2.976416e+14
52, 52, 9.952958e+15
52, 53, 1.033665e+16
52, 54, 2.813058e+12
52, 55, 2.777900e+13
52, 56, 7.151717e+12
52, 57, 1.174643e+13
52, 58, 4.191461e+14
52, 59, 4.159218e+14
53, 42, -4.039507e+13
53, 43, 2.877682e+14
53, 44, 2.430934e+13
53, 45, 2.869872e+14
53, 46, 4.159218e+14
53, 47, 9.951008e+15
53, 48, 3.331228e+13
53, 49, 8.891739e+14
53, 50, 8.329980e+13
53, 51, 6.060594e+14
53, 52, 1.033665e+16
53, 53, 1.990527e+16
53, 54, 7.370468e+13
53, 55, 6.043543e+14
53, 56, 5.884703e+13
53, 57, 3.190915e+14
53, 58, 9.920588e+15
53, 59, 9.951008e+15
54, 48, -3.917941e+10
54, 49, 3.089579e+12
54, 50, -1.589879e+13
54, 51, 2.787736e+12
54, 52, 2.813058e+12
54, 53, 7.370468e+13
54, 54, 3.351476e+13
54, 55, 2.529641e+13
54, 56, 1.670725e+13
54, 57, 3.309550e+13
54, 58, 4.001573e+13
54, 59, 3.331228e+13
54, 60, -3.917941e+10
54, 61, -1.978574e+12
54, 62, 2.026656e+11
54, 63, -1.677183e+12
54, 64, -4.019940e+13
54, 65, -4.039507e+13
55, 48, -1.978574e+12
55, 49, 1.475826e+13
55, 50, -1.286355e+13
55, 51, 1.962255e+13
55, 52, 2.777900e+13
55, 53, 6.043543e+14
55, 54, 2.529641e+13
55, 55, 1.082856e+14
55, 56, 2.800244e+13
55, 57, 6.383177e+13
55, 58, 5.951614e+14
55, 59, 8.891739e+14
55, 60, 3.089579e+12
55, 61, 1.475826e+13
55, 62, -1.358776e+12
55, 63, 2.231439e+13
55, 64, 2.818248e+14
55, 65, 2.877682e+14
56, 48, 2.026656e+11
56, 49, -1.358776e+12
56, 50, -1.813530e+13
56, 51, 2.588472e+12
56, 52, 7.151717e+12
56, 53, 5.884703e+13
56, 54, 1.670725e+13
56, 55, 2.800244e+13
56, 56, 6.261284e+13
56, 57, 1.952413e+13
56, 58, 5.923787e+13
56, 59, 8.329980e+13
56, 60, -1.589879e+13
56, 61, -1.286355e+13
56, 62, -1.813530e+13
56, 63, -1.434252e+13
56, 64, 4.362954e+13
56, 65, 2.430934e+13
57, 48, -1.677183e+12
57, 49, 2.231439e+13
57, 50, -1.434252e+13
57, 51, 2.201777e+13
57, 52, 1.174643e+13
57, 53, 3.190915e+14
57, 54, 3.309550e+13
57, 55, 6.383177e+13
57, 56, 1.952413e+13
57, 57, 7.528327e+13
57, 58, 2.976416e+14
57, 59, 6.060594e+14
57, 60, 2.787736e+12
57, 61, 1.962255e+13
57, 62, 2.588472e+12
57, 63, 2.201777e+13
57, 64, 2.860814e+14
57, 65, 2.869872e+14
58, 48, -4.019940e+13
58, 49, 2.818248e+14
58, 50, 4.362954e+13
58, 51, 2.860814e+14
58, 52, 4.191461e+14
58, 53, 9.920588e+15
58, 54, 4.001573e+13
58, 55, 5.951614e+14
58, 56, 5.923787e+13
58, 57, 2.976416e+14
58, 58, 9.952958e+15
58, 59, 1.033665e+16
58, 60, 2.813058e+12
58, 61, 2.777900e+13
58, 62, 7.151717e+12
58, 63, 1.174643e+13
58, 64, 4.191461e+14
58, 65, 4.159218e+14
59, 48, -4.039507e+13
59, 49, 2.877682e+14
59, 50, 2.430934e+13
59, 51, 2.869872e+14
59, 52, 4.159218e+14
59, 53, 9.951008e+15
59, 54, 3.331228e+13
59, 55, 8.891739e+14
59, 56, 8.329980e+13
59, 57, 6.060594e+14
59, 58, 1.033665e+16
59, 59, 1.990527e+16
59, 60, 7.370468e+13
59, 61, 6.043543e+14
59, 62, 5.884703e+13
59, 63, 3.190915e+14
59, 64, 9.920588e+15
59, 65, 9.951008e+15
60, 54, -3.917941e+10
60, 55, 3.089579e+12
60, 56, -1.589879e+13
60, 57, 2.787736e+12
60, 58, 2.813058e+12
60, 59, 7.370468e+13
60, 60, 3.329377e+13
60, 61, 2.727742e+13
60, 62, 1.688149e+13
60, 63, 3.492136e+13
60, 64, 4.153658e+13
60, 65, 7.357659e+13
61, 54, -1.978574e+12
61, 55, 1.475826e+13
61, 56, -1.286355e+13
61, 57, 1.962255e+13
61, 58, 2.777900e+13
61, 59, 6.043543e+14
61, 60, 2.727742e+13
61, 61, 8.148057e+13
61, 62, 2.716441e+13
61, 63, 4.269562e+13
61, 64, 5.844173e+14
61, 65, 6.011786e+14
62, 54, 2.026656e+11
62, 55, -1.358776e+12
62, 56, -1.813530e+13
62, 57, 2.588472e+12
62, 58, 7.151717e+12
62, 59, 5.884703e+13
62, 60, 1.688149e+13
62, 61, 2.716441e+13
62, 62, 3.616482e+13
62, 63, 1.843776e+13
62, 64, 5.504944e+13
62, 65, 5.658585e+13
63, 54, -1.677183e+12
63, 55, 2.231439e+13
63, 56, -1.434252e+13
63, 57, 2.201777e+13
63, 58, 1.174643e+13
63, 59, 3.190915e+14
63, 60, 3.492136e+13
63, 61, 4.269562e+13
63, 62, 1.843776e+13
63, 63, 5.415046e+13
63, 64, 2.869697e+14
63, 65, 3.190862e+14
64, 54, -4.019940e+13
64, 55, 2.818248e+14
64, 56, 4.362954e+13
64, 57, 2.860814e+14
64, 58, 4.191461e+14
64, 59, 9.920588e+15
64, 60, 4.153658e+13
64, 61, 5.844173e+14
64, 62, 5.504944e+13
64, 63, 2.869697e+14
64, 64, 9.931542e+15
64, 65, 9.918326e+15
65, 54, -4.039507e+13
65, 55, 2.877682e+14
65, 56, 2.430934e+13
65, 57, 2.869872e+14
65, 58, 4.159218e+14
65, 59, 9.951008e+15
65, 60, 7.357659e+13
65, 61, 6.011786e+14
65, 62, 5.658585e+13
65, 63, 3.190862e+14
65, 64, 9.918326e+15
65, 65, 9.951006e+15
