2025-05-05 18:10:06,784 - processing.static.boundary_conditions - INFO - 🔧 Applying fixed boundary conditions...
2025-05-05 18:10:06,786 - processing.static.boundary_conditions - INFO - 🔍 Fixed DOFs: [0 1 2 3 4 5]

🔍 Original K_global Matrix:
            0           1            2           3           4           5            6           7           8           9           10           11          12          13          14          15           16           17          18          19          20          21          22           23          24          25          26          27          28          29          30          31          32          33          34          35          36          37          38          39          40          41          42          43          44          45          46          47          48          49          50          51          52          53          54          55          56          57          58          59          60          61          62          63          64          65
0   2.9430e+49 -8.2162e+31  -7.8907e+10  2.4621e+09 -4.4294e+31 -6.3840e+29   1.0787e+68  2.7724e+68 -7.3141e+60 6.0011e-101  2.0525e+13  -4.9076e+29  0.0000e+00  0.0000e+00  0.0000e+00  0.0000e+00   0.0000e+00   0.0000e+00  0.0000e+00  0.0000e+00  0.0000e+00  0.0000e+00  0.0000e+00   0.0000e+00  0.0000e+00  0.0000e+00  0.0000e+00  0.0000e+00  0.0000e+00  0.0000e+00  0.0000e+00  0.0000e+00  0.0000e+00  0.0000e+00  0.0000e+00  0.0000e+00  0.0000e+00  0.0000e+00  0.0000e+00  0.0000e+00  0.0000e+00  0.0000e+00  0.0000e+00  0.0000e+00  0.0000e+00  0.0000e+00  0.0000e+00  0.0000e+00  0.0000e+00  0.0000e+00  0.0000e+00  0.0000e+00  0.0000e+00  0.0000e+00  0.0000e+00  0.0000e+00  0.0000e+00  0.0000e+00  0.0000e+00  0.0000e+00  0.0000e+00  0.0000e+00  0.0000e+00  0.0000e+00  0.0000e+00  0.0000e+00
1  -8.2162e+31  5.6504e+52   2.1108e+11  5.4207e+10  9.2338e+10 -2.1679e+34   1.8657e+69  1.8098e+69  7.2228e+11  1.7846e+11 -2.1679e+34   2.4000e+11  0.0000e+00  0.0000e+00  0.0000e+00  0.0000e+00   0.0000e+00   0.0000e+00  0.0000e+00  0.0000e+00  0.0000e+00  0.0000e+00  0.0000e+00   0.0000e+00  0.0000e+00  0.0000e+00  0.0000e+00  0.0000e+00  0.0000e+00  0.0000e+00  0.0000e+00  0.0000e+00  0.0000e+00  0.0000e+00  0.0000e+00  0.0000e+00  0.0000e+00  0.0000e+00  0.0000e+00  0.0000e+00  0.0000e+00  0.0000e+00  0.0000e+00  0.0000e+00  0.0000e+00  0.0000e+00  0.0000e+00  0.0000e+00  0.0000e+00  0.0000e+00  0.0000e+00  0.0000e+00  0.0000e+00  0.0000e+00  0.0000e+00  0.0000e+00  0.0000e+00  0.0000e+00  0.0000e+00  0.0000e+00  0.0000e+00  0.0000e+00  0.0000e+00  0.0000e+00  0.0000e+00  0.0000e+00
2  -7.8907e+10  2.1108e+11   2.2456e+13  1.6226e+11  4.4294e+31 -2.7454e+12   7.1092e+69 -1.3816e+70 -2.2400e+13 4.3860e-109  5.7067e+12 -2.1255e-161  0.0000e+00  0.0000e+00  0.0000e+00  0.0000e+00   0.0000e+00   0.0000e+00  0.0000e+00  0.0000e+00  0.0000e+00  0.0000e+00  0.0000e+00   0.0000e+00  0.0000e+00  0.0000e+00  0.0000e+00  0.0000e+00  0.0000e+00  0.0000e+00  0.0000e+00  0.0000e+00  0.0000e+00  0.0000e+00  0.0000e+00  0.0000e+00  0.0000e+00  0.0000e+00  0.0000e+00  0.0000e+00  0.0000e+00  0.0000e+00  0.0000e+00  0.0000e+00  0.0000e+00  0.0000e+00  0.0000e+00  0.0000e+00  0.0000e+00  0.0000e+00  0.0000e+00  0.0000e+00  0.0000e+00  0.0000e+00  0.0000e+00  0.0000e+00  0.0000e+00  0.0000e+00  0.0000e+00  0.0000e+00  0.0000e+00  0.0000e+00  0.0000e+00  0.0000e+00  0.0000e+00  0.0000e+00
3   2.4621e+09  5.4207e+10   1.6226e+11  3.2920e+10 -8.7676e+09  2.9610e+11   1.4342e+69  1.3641e+69 -1.4810e+11  1.5859e+09 -1.0305e+67   5.4145e+08  0.0000e+00  0.0000e+00  0.0000e+00  0.0000e+00   0.0000e+00   0.0000e+00  0.0000e+00  0.0000e+00  0.0000e+00  0.0000e+00  0.0000e+00   0.0000e+00  0.0000e+00  0.0000e+00  0.0000e+00  0.0000e+00  0.0000e+00  0.0000e+00  0.0000e+00  0.0000e+00  0.0000e+00  0.0000e+00  0.0000e+00  0.0000e+00  0.0000e+00  0.0000e+00  0.0000e+00  0.0000e+00  0.0000e+00  0.0000e+00  0.0000e+00  0.0000e+00  0.0000e+00  0.0000e+00  0.0000e+00  0.0000e+00  0.0000e+00  0.0000e+00  0.0000e+00  0.0000e+00  0.0000e+00  0.0000e+00  0.0000e+00  0.0000e+00  0.0000e+00  0.0000e+00  0.0000e+00  0.0000e+00  0.0000e+00  0.0000e+00  0.0000e+00  0.0000e+00  0.0000e+00  0.0000e+00
4  -4.4294e+31  9.2338e+10   4.4294e+31 -8.7676e+09  3.5315e+52  5.3153e+33  -1.3971e+68  1.2453e+69  1.2800e+12  5.5788e+09  5.3153e+33  1.2020e-162  0.0000e+00  0.0000e+00  0.0000e+00  0.0000e+00   0.0000e+00   0.0000e+00  0.0000e+00  0.0000e+00  0.0000e+00  0.0000e+00  0.0000e+00   0.0000e+00  0.0000e+00  0.0000e+00  0.0000e+00  0.0000e+00  0.0000e+00  0.0000e+00  0.0000e+00  0.0000e+00  0.0000e+00  0.0000e+00  0.0000e+00  0.0000e+00  0.0000e+00  0.0000e+00  0.0000e+00  0.0000e+00  0.0000e+00  0.0000e+00  0.0000e+00  0.0000e+00  0.0000e+00  0.0000e+00  0.0000e+00  0.0000e+00  0.0000e+00  0.0000e+00  0.0000e+00  0.0000e+00  0.0000e+00  0.0000e+00  0.0000e+00  0.0000e+00  0.0000e+00  0.0000e+00  0.0000e+00  0.0000e+00  0.0000e+00  0.0000e+00  0.0000e+00  0.0000e+00  0.0000e+00  0.0000e+00
5  -6.3840e+29 -2.1679e+34  -2.7454e+12  2.9610e+11  5.3153e+33  9.1483e+15   1.2945e+70  6.5355e+70  9.4304e+12  1.0729e+10  9.1182e+15   1.3334e+10  0.0000e+00  0.0000e+00  0.0000e+00  0.0000e+00   0.0000e+00   0.0000e+00  0.0000e+00  0.0000e+00  0.0000e+00  0.0000e+00  0.0000e+00   0.0000e+00  0.0000e+00  0.0000e+00  0.0000e+00  0.0000e+00  0.0000e+00  0.0000e+00  0.0000e+00  0.0000e+00  0.0000e+00  0.0000e+00  0.0000e+00  0.0000e+00  0.0000e+00  0.0000e+00  0.0000e+00  0.0000e+00  0.0000e+00  0.0000e+00  0.0000e+00  0.0000e+00  0.0000e+00  0.0000e+00  0.0000e+00  0.0000e+00  0.0000e+00  0.0000e+00  0.0000e+00  0.0000e+00  0.0000e+00  0.0000e+00  0.0000e+00  0.0000e+00  0.0000e+00  0.0000e+00  0.0000e+00  0.0000e+00  0.0000e+00  0.0000e+00  0.0000e+00  0.0000e+00  0.0000e+00  0.0000e+00
6   1.0787e+68  1.8657e+69   7.1092e+69  1.4342e+69 -1.3971e+68  1.2945e+70  6.2838e+127 6.0955e+127 -7.1092e+69 -1.2624e+10 -5.7121e+68  -4.0393e+13  2.7530e+68  1.0464e+68 -6.4444e+10 -6.2576e+11  -4.0522e+13 -9.5051e-101  0.0000e+00  0.0000e+00  0.0000e+00  0.0000e+00  0.0000e+00   0.0000e+00  0.0000e+00  0.0000e+00  0.0000e+00  0.0000e+00  0.0000e+00  0.0000e+00  0.0000e+00  0.0000e+00  0.0000e+00  0.0000e+00  0.0000e+00  0.0000e+00  0.0000e+00  0.0000e+00  0.0000e+00  0.0000e+00  0.0000e+00  0.0000e+00  0.0000e+00  0.0000e+00  0.0000e+00  0.0000e+00  0.0000e+00  0.0000e+00  0.0000e+00  0.0000e+00  0.0000e+00  0.0000e+00  0.0000e+00  0.0000e+00  0.0000e+00  0.0000e+00  0.0000e+00  0.0000e+00  0.0000e+00  0.0000e+00  0.0000e+00  0.0000e+00  0.0000e+00  0.0000e+00  0.0000e+00  0.0000e+00
7   2.7724e+68  1.8098e+69  -1.3816e+70  1.3641e+69  1.2453e+69  6.5355e+70  6.0955e+127 1.7517e+128  1.3816e+70  2.7111e+67 6.0028e+126   1.6830e+12  3.2051e+69  1.8098e+69 -3.4126e+12  8.6768e+11  -4.4306e+12   2.4000e+11  0.0000e+00  0.0000e+00  0.0000e+00  0.0000e+00  0.0000e+00   0.0000e+00  0.0000e+00  0.0000e+00  0.0000e+00  0.0000e+00  0.0000e+00  0.0000e+00  0.0000e+00  0.0000e+00  0.0000e+00  0.0000e+00  0.0000e+00  0.0000e+00  0.0000e+00  0.0000e+00  0.0000e+00  0.0000e+00  0.0000e+00  0.0000e+00  0.0000e+00  0.0000e+00  0.0000e+00  0.0000e+00  0.0000e+00  0.0000e+00  0.0000e+00  0.0000e+00  0.0000e+00  0.0000e+00  0.0000e+00  0.0000e+00  0.0000e+00  0.0000e+00  0.0000e+00  0.0000e+00  0.0000e+00  0.0000e+00  0.0000e+00  0.0000e+00  0.0000e+00  0.0000e+00  0.0000e+00  0.0000e+00
8  -7.3141e+60  7.2228e+11  -2.2400e+13 -1.4810e+11  1.2800e+12  9.4304e+12  -7.1092e+69  1.3816e+70 9.6293e+110 -6.2423e+11  4.5079e+31   2.5052e+13 -5.3090e+70 -3.2010e+70 -2.2081e+13 -8.6494e+12   3.9740e+13  -2.9588e+09  0.0000e+00  0.0000e+00  0.0000e+00  0.0000e+00  0.0000e+00   0.0000e+00  0.0000e+00  0.0000e+00  0.0000e+00  0.0000e+00  0.0000e+00  0.0000e+00  0.0000e+00  0.0000e+00  0.0000e+00  0.0000e+00  0.0000e+00  0.0000e+00  0.0000e+00  0.0000e+00  0.0000e+00  0.0000e+00  0.0000e+00  0.0000e+00  0.0000e+00  0.0000e+00  0.0000e+00  0.0000e+00  0.0000e+00  0.0000e+00  0.0000e+00  0.0000e+00  0.0000e+00  0.0000e+00  0.0000e+00  0.0000e+00  0.0000e+00  0.0000e+00  0.0000e+00  0.0000e+00  0.0000e+00  0.0000e+00  0.0000e+00  0.0000e+00  0.0000e+00  0.0000e+00  0.0000e+00  0.0000e+00
9  6.0011e-101  1.7846e+11  4.3860e-109  1.5859e+09  5.5788e+09  1.0729e+10  -1.2624e+10  2.7111e+67 -6.2423e+11  9.5627e+10  1.0305e+67   9.4809e+11  2.1039e+69  1.3912e+69  7.7034e+11  6.5996e+11   6.1651e+10  -6.6668e+08  0.0000e+00  0.0000e+00  0.0000e+00  0.0000e+00  0.0000e+00   0.0000e+00  0.0000e+00  0.0000e+00  0.0000e+00  0.0000e+00  0.0000e+00  0.0000e+00  0.0000e+00  0.0000e+00  0.0000e+00  0.0000e+00  0.0000e+00  0.0000e+00  0.0000e+00  0.0000e+00  0.0000e+00  0.0000e+00  0.0000e+00  0.0000e+00  0.0000e+00  0.0000e+00  0.0000e+00  0.0000e+00  0.0000e+00  0.0000e+00  0.0000e+00  0.0000e+00  0.0000e+00  0.0000e+00  0.0000e+00  0.0000e+00  0.0000e+00  0.0000e+00  0.0000e+00  0.0000e+00  0.0000e+00  0.0000e+00  0.0000e+00  0.0000e+00  0.0000e+00  0.0000e+00  0.0000e+00  0.0000e+00
10  2.0525e+13 -2.1679e+34   5.7067e+12 -1.0305e+67  5.3153e+33  9.1182e+15  -5.7121e+68 6.0028e+126  4.5079e+31  1.0305e+67 5.8229e+126   5.3148e+33  3.2051e+69  1.8098e+69  7.0872e+30  1.0214e+30   5.3224e+33  -2.3624e+29  0.0000e+00  0.0000e+00  0.0000e+00  0.0000e+00  0.0000e+00   0.0000e+00  0.0000e+00  0.0000e+00  0.0000e+00  0.0000e+00  0.0000e+00  0.0000e+00  0.0000e+00  0.0000e+00  0.0000e+00  0.0000e+00  0.0000e+00  0.0000e+00  0.0000e+00  0.0000e+00  0.0000e+00  0.0000e+00  0.0000e+00  0.0000e+00  0.0000e+00  0.0000e+00  0.0000e+00  0.0000e+00  0.0000e+00  0.0000e+00  0.0000e+00  0.0000e+00  0.0000e+00  0.0000e+00  0.0000e+00  0.0000e+00  0.0000e+00  0.0000e+00  0.0000e+00  0.0000e+00  0.0000e+00  0.0000e+00  0.0000e+00  0.0000e+00  0.0000e+00  0.0000e+00  0.0000e+00  0.0000e+00
11 -4.9076e+29  2.4000e+11 -2.1255e-161  5.4145e+08 1.2020e-162  1.3334e+10  -4.0393e+13  1.6830e+12  2.5052e+13  9.4809e+11  5.3148e+33   9.9540e+15  6.4161e+70  1.2557e+70  4.9770e+13  1.1902e+14   9.9182e+15   1.3334e+10  0.0000e+00  0.0000e+00  0.0000e+00  0.0000e+00  0.0000e+00   0.0000e+00  0.0000e+00  0.0000e+00  0.0000e+00  0.0000e+00  0.0000e+00  0.0000e+00  0.0000e+00  0.0000e+00  0.0000e+00  0.0000e+00  0.0000e+00  0.0000e+00  0.0000e+00  0.0000e+00  0.0000e+00  0.0000e+00  0.0000e+00  0.0000e+00  0.0000e+00  0.0000e+00  0.0000e+00  0.0000e+00  0.0000e+00  0.0000e+00  0.0000e+00  0.0000e+00  0.0000e+00  0.0000e+00  0.0000e+00  0.0000e+00  0.0000e+00  0.0000e+00  0.0000e+00  0.0000e+00  0.0000e+00  0.0000e+00  0.0000e+00  0.0000e+00  0.0000e+00  0.0000e+00  0.0000e+00  0.0000e+00
12  0.0000e+00  0.0000e+00   0.0000e+00  0.0000e+00  0.0000e+00  0.0000e+00   2.7530e+68  3.2051e+69 -5.3090e+70  2.1039e+69  3.2051e+69   6.4161e+70 1.5744e+128 6.0955e+127  5.3090e+70  5.1216e+70   2.1039e+69  -4.0270e+13 -1.9455e+11 -2.4262e+12 -9.7684e+10 -1.6973e+12 -4.0522e+13  -3.3858e+13  0.0000e+00  0.0000e+00  0.0000e+00  0.0000e+00  0.0000e+00  0.0000e+00  0.0000e+00  0.0000e+00  0.0000e+00  0.0000e+00  0.0000e+00  0.0000e+00  0.0000e+00  0.0000e+00  0.0000e+00  0.0000e+00  0.0000e+00  0.0000e+00  0.0000e+00  0.0000e+00  0.0000e+00  0.0000e+00  0.0000e+00  0.0000e+00  0.0000e+00  0.0000e+00  0.0000e+00  0.0000e+00  0.0000e+00  0.0000e+00  0.0000e+00  0.0000e+00  0.0000e+00  0.0000e+00  0.0000e+00  0.0000e+00  0.0000e+00  0.0000e+00  0.0000e+00  0.0000e+00  0.0000e+00  0.0000e+00
13  0.0000e+00  0.0000e+00   0.0000e+00  0.0000e+00  0.0000e+00  0.0000e+00   1.0464e+68  1.8098e+69 -3.2010e+70  1.3912e+69  1.8098e+69   1.2557e+70 6.0955e+127 5.9128e+127  3.2010e+70  6.2254e+12   1.3912e+69   1.7209e+12 -2.3700e+11 -5.6001e+12 -3.3161e+12  1.2520e+12 -4.4306e+12   2.4000e+11  0.0000e+00  0.0000e+00  0.0000e+00  0.0000e+00  0.0000e+00  0.0000e+00  0.0000e+00  0.0000e+00  0.0000e+00  0.0000e+00  0.0000e+00  0.0000e+00  0.0000e+00  0.0000e+00  0.0000e+00  0.0000e+00  0.0000e+00  0.0000e+00  0.0000e+00  0.0000e+00  0.0000e+00  0.0000e+00  0.0000e+00  0.0000e+00  0.0000e+00  0.0000e+00  0.0000e+00  0.0000e+00  0.0000e+00  0.0000e+00  0.0000e+00  0.0000e+00  0.0000e+00  0.0000e+00  0.0000e+00  0.0000e+00  0.0000e+00  0.0000e+00  0.0000e+00  0.0000e+00  0.0000e+00  0.0000e+00
14  0.0000e+00  0.0000e+00   0.0000e+00  0.0000e+00  0.0000e+00  0.0000e+00  -6.4444e+10 -3.4126e+12 -2.2081e+13  7.7034e+11  7.0872e+30   4.9770e+13  5.3090e+70  3.2010e+70  5.8724e+13  1.0523e+13   4.7103e+13   2.6565e+13  3.1118e+11  2.5889e+12 -2.0262e+13 -1.4343e+13  3.9796e+13   3.3853e+13  0.0000e+00  0.0000e+00  0.0000e+00  0.0000e+00  0.0000e+00  0.0000e+00  0.0000e+00  0.0000e+00  0.0000e+00  0.0000e+00  0.0000e+00  0.0000e+00  0.0000e+00  0.0000e+00  0.0000e+00  0.0000e+00  0.0000e+00  0.0000e+00  0.0000e+00  0.0000e+00  0.0000e+00  0.0000e+00  0.0000e+00  0.0000e+00  0.0000e+00  0.0000e+00  0.0000e+00  0.0000e+00  0.0000e+00  0.0000e+00  0.0000e+00  0.0000e+00  0.0000e+00  0.0000e+00  0.0000e+00  0.0000e+00  0.0000e+00  0.0000e+00  0.0000e+00  0.0000e+00  0.0000e+00  0.0000e+00
15  0.0000e+00  0.0000e+00   0.0000e+00  0.0000e+00  0.0000e+00  0.0000e+00  -6.2576e+11  8.6768e+11 -8.6494e+12  6.5996e+11  1.0214e+30   1.1902e+14  5.1216e+70  6.2254e+12  1.0523e+13  5.0132e+13   8.9294e+13   8.9565e+13  7.4011e+11  5.9290e+12  1.5034e+12  1.0775e+13  8.8696e+13   8.8634e+13  0.0000e+00  0.0000e+00  0.0000e+00  0.0000e+00  0.0000e+00  0.0000e+00  0.0000e+00  0.0000e+00  0.0000e+00  0.0000e+00  0.0000e+00  0.0000e+00  0.0000e+00  0.0000e+00  0.0000e+00  0.0000e+00  0.0000e+00  0.0000e+00  0.0000e+00  0.0000e+00  0.0000e+00  0.0000e+00  0.0000e+00  0.0000e+00  0.0000e+00  0.0000e+00  0.0000e+00  0.0000e+00  0.0000e+00  0.0000e+00  0.0000e+00  0.0000e+00  0.0000e+00  0.0000e+00  0.0000e+00  0.0000e+00  0.0000e+00  0.0000e+00  0.0000e+00  0.0000e+00  0.0000e+00  0.0000e+00
16  0.0000e+00  0.0000e+00   0.0000e+00  0.0000e+00  0.0000e+00  0.0000e+00  -4.0522e+13 -4.4306e+12  3.9740e+13  6.1651e+10  5.3224e+33   9.9182e+15  2.1039e+69  1.3912e+69  4.7103e+13  8.9294e+13   9.9316e+15   3.3419e+12  9.1184e+10  7.0004e-98  2.9866e+12  1.0953e+12  5.3334e+10 -4.5755e-101  0.0000e+00  0.0000e+00  0.0000e+00  0.0000e+00  0.0000e+00  0.0000e+00  0.0000e+00  0.0000e+00  0.0000e+00  0.0000e+00  0.0000e+00  0.0000e+00  0.0000e+00  0.0000e+00  0.0000e+00  0.0000e+00  0.0000e+00  0.0000e+00  0.0000e+00  0.0000e+00  0.0000e+00  0.0000e+00  0.0000e+00  0.0000e+00  0.0000e+00  0.0000e+00  0.0000e+00  0.0000e+00  0.0000e+00  0.0000e+00  0.0000e+00  0.0000e+00  0.0000e+00  0.0000e+00  0.0000e+00  0.0000e+00  0.0000e+00  0.0000e+00  0.0000e+00  0.0000e+00  0.0000e+00  0.0000e+00
17  0.0000e+00  0.0000e+00   0.0000e+00  0.0000e+00  0.0000e+00  0.0000e+00 -9.5051e-101  2.4000e+11 -2.9588e+09 -6.6668e+08 -2.3624e+29   1.3334e+10 -4.0270e+13  1.7209e+12  2.6565e+13  8.9565e+13   3.3419e+12   9.9543e+15  4.0645e+13  5.7663e+14  5.7106e+13  3.1909e+14  9.9182e+15   9.1179e+15  0.0000e+00  0.0000e+00  0.0000e+00  0.0000e+00  0.0000e+00  0.0000e+00  0.0000e+00  0.0000e+00  0.0000e+00  0.0000e+00  0.0000e+00  0.0000e+00  0.0000e+00  0.0000e+00  0.0000e+00  0.0000e+00  0.0000e+00  0.0000e+00  0.0000e+00  0.0000e+00  0.0000e+00  0.0000e+00  0.0000e+00  0.0000e+00  0.0000e+00  0.0000e+00  0.0000e+00  0.0000e+00  0.0000e+00  0.0000e+00  0.0000e+00  0.0000e+00  0.0000e+00  0.0000e+00  0.0000e+00  0.0000e+00  0.0000e+00  0.0000e+00  0.0000e+00  0.0000e+00  0.0000e+00  0.0000e+00
18  0.0000e+00  0.0000e+00   0.0000e+00  0.0000e+00  0.0000e+00  0.0000e+00   0.0000e+00  0.0000e+00  0.0000e+00  0.0000e+00  0.0000e+00   0.0000e+00 -1.9455e+11 -2.3700e+11  3.1118e+11  7.4011e+11   9.1184e+10   4.0645e+13  4.5407e+11  1.8387e+12  4.2767e+11  3.5363e+10  4.1002e+13  -6.4111e+12 -1.7574e+11 -2.3203e+12  1.4602e+11 -1.6787e+12 -4.0325e+13 -4.0415e+13  0.0000e+00  0.0000e+00  0.0000e+00  0.0000e+00  0.0000e+00  0.0000e+00  0.0000e+00  0.0000e+00  0.0000e+00  0.0000e+00  0.0000e+00  0.0000e+00  0.0000e+00  0.0000e+00  0.0000e+00  0.0000e+00  0.0000e+00  0.0000e+00  0.0000e+00  0.0000e+00  0.0000e+00  0.0000e+00  0.0000e+00  0.0000e+00  0.0000e+00  0.0000e+00  0.0000e+00  0.0000e+00  0.0000e+00  0.0000e+00  0.0000e+00  0.0000e+00  0.0000e+00  0.0000e+00  0.0000e+00  0.0000e+00
19  0.0000e+00  0.0000e+00   0.0000e+00  0.0000e+00  0.0000e+00  0.0000e+00   0.0000e+00  0.0000e+00  0.0000e+00  0.0000e+00  0.0000e+00   0.0000e+00 -2.4262e+12 -5.6001e+12  2.5889e+12  5.9290e+12   7.0004e-98   5.7663e+14  1.8387e+12  5.4863e+13  6.6358e+12  2.8104e+13  5.8170e+14   6.1397e+14  5.0162e+11  3.0885e+11 -2.4530e+12  1.1072e+13  8.4300e+13  8.9984e+13  0.0000e+00  0.0000e+00  0.0000e+00  0.0000e+00  0.0000e+00  0.0000e+00  0.0000e+00  0.0000e+00  0.0000e+00  0.0000e+00  0.0000e+00  0.0000e+00  0.0000e+00  0.0000e+00  0.0000e+00  0.0000e+00  0.0000e+00  0.0000e+00  0.0000e+00  0.0000e+00  0.0000e+00  0.0000e+00  0.0000e+00  0.0000e+00  0.0000e+00  0.0000e+00  0.0000e+00  0.0000e+00  0.0000e+00  0.0000e+00  0.0000e+00  0.0000e+00  0.0000e+00  0.0000e+00  0.0000e+00  0.0000e+00
20  0.0000e+00  0.0000e+00   0.0000e+00  0.0000e+00  0.0000e+00  0.0000e+00   0.0000e+00  0.0000e+00  0.0000e+00  0.0000e+00  0.0000e+00   0.0000e+00 -9.7684e+10 -3.3161e+12 -2.0262e+13  1.5034e+12   2.9866e+12   5.7106e+13  4.2767e+11  6.6358e+12  6.0486e+13  1.9515e+13  5.3769e+13   6.0423e+13  3.1118e+11  2.5889e+12 -1.8135e+13 -1.4343e+13  4.1503e+13  3.1107e+13  0.0000e+00  0.0000e+00  0.0000e+00  0.0000e+00  0.0000e+00  0.0000e+00  0.0000e+00  0.0000e+00  0.0000e+00  0.0000e+00  0.0000e+00  0.0000e+00  0.0000e+00  0.0000e+00  0.0000e+00  0.0000e+00  0.0000e+00  0.0000e+00  0.0000e+00  0.0000e+00  0.0000e+00  0.0000e+00  0.0000e+00  0.0000e+00  0.0000e+00  0.0000e+00  0.0000e+00  0.0000e+00  0.0000e+00  0.0000e+00  0.0000e+00  0.0000e+00  0.0000e+00  0.0000e+00  0.0000e+00  0.0000e+00
21  0.0000e+00  0.0000e+00   0.0000e+00  0.0000e+00  0.0000e+00  0.0000e+00   0.0000e+00  0.0000e+00  0.0000e+00  0.0000e+00  0.0000e+00   0.0000e+00 -1.6973e+12  1.2520e+12 -1.4343e+13  1.0775e+13   1.0953e+12   3.1909e+14  3.5363e+10  2.8104e+13  1.9515e+13  7.5283e+13  2.8699e+14   4.8437e+14  1.8343e+12  1.7987e+13  2.5885e+12  2.2018e+13  2.8609e+14  2.8669e+14  0.0000e+00  0.0000e+00  0.0000e+00  0.0000e+00  0.0000e+00  0.0000e+00  0.0000e+00  0.0000e+00  0.0000e+00  0.0000e+00  0.0000e+00  0.0000e+00  0.0000e+00  0.0000e+00  0.0000e+00  0.0000e+00  0.0000e+00  0.0000e+00  0.0000e+00  0.0000e+00  0.0000e+00  0.0000e+00  0.0000e+00  0.0000e+00  0.0000e+00  0.0000e+00  0.0000e+00  0.0000e+00  0.0000e+00  0.0000e+00  0.0000e+00  0.0000e+00  0.0000e+00  0.0000e+00  0.0000e+00  0.0000e+00
22  0.0000e+00  0.0000e+00   0.0000e+00  0.0000e+00  0.0000e+00  0.0000e+00   0.0000e+00  0.0000e+00  0.0000e+00  0.0000e+00  0.0000e+00   0.0000e+00 -4.0522e+13 -4.4306e+12  3.9796e+13  8.8696e+13   5.3334e+10   9.9182e+15  4.1002e+13  5.8170e+14  5.3769e+13  2.8699e+14  9.9316e+15   9.1213e+15  9.1184e+10 2.0049e-109  5.1133e+12  1.0953e+12  1.7599e+12  6.9633e+11  0.0000e+00  0.0000e+00  0.0000e+00  0.0000e+00  0.0000e+00  0.0000e+00  0.0000e+00  0.0000e+00  0.0000e+00  0.0000e+00  0.0000e+00  0.0000e+00  0.0000e+00  0.0000e+00  0.0000e+00  0.0000e+00  0.0000e+00  0.0000e+00  0.0000e+00  0.0000e+00  0.0000e+00  0.0000e+00  0.0000e+00  0.0000e+00  0.0000e+00  0.0000e+00  0.0000e+00  0.0000e+00  0.0000e+00  0.0000e+00  0.0000e+00  0.0000e+00  0.0000e+00  0.0000e+00  0.0000e+00  0.0000e+00
23  0.0000e+00  0.0000e+00   0.0000e+00  0.0000e+00  0.0000e+00  0.0000e+00   0.0000e+00  0.0000e+00  0.0000e+00  0.0000e+00  0.0000e+00   0.0000e+00 -3.3858e+13  2.4000e+11  3.3853e+13  8.8634e+13 -4.5755e-101   9.1179e+15 -6.4111e+12  6.1397e+14  6.0423e+13  4.8437e+14  9.1213e+15   1.9072e+16  4.0645e+13  5.7663e+14  5.8847e+13  3.1909e+14  9.9188e+15  9.9483e+15  0.0000e+00  0.0000e+00  0.0000e+00  0.0000e+00  0.0000e+00  0.0000e+00  0.0000e+00  0.0000e+00  0.0000e+00  0.0000e+00  0.0000e+00  0.0000e+00  0.0000e+00  0.0000e+00  0.0000e+00  0.0000e+00  0.0000e+00  0.0000e+00  0.0000e+00  0.0000e+00  0.0000e+00  0.0000e+00  0.0000e+00  0.0000e+00  0.0000e+00  0.0000e+00  0.0000e+00  0.0000e+00  0.0000e+00  0.0000e+00  0.0000e+00  0.0000e+00  0.0000e+00  0.0000e+00  0.0000e+00  0.0000e+00
24  0.0000e+00  0.0000e+00   0.0000e+00  0.0000e+00  0.0000e+00  0.0000e+00   0.0000e+00  0.0000e+00  0.0000e+00  0.0000e+00  0.0000e+00   0.0000e+00  0.0000e+00  0.0000e+00  0.0000e+00  0.0000e+00   0.0000e+00   0.0000e+00 -1.7574e+11  5.0162e+11  3.1118e+11  1.8343e+12  9.1184e+10   4.0645e+13  4.5481e+11  6.8785e+11  4.9728e+11  3.5548e+10  3.9622e+13  2.5234e+11 -1.7426e+11 -2.0795e+12  2.0267e+11 -1.6772e+12 -4.0199e+13 -4.0395e+13  0.0000e+00  0.0000e+00  0.0000e+00  0.0000e+00  0.0000e+00  0.0000e+00  0.0000e+00  0.0000e+00  0.0000e+00  0.0000e+00  0.0000e+00  0.0000e+00  0.0000e+00  0.0000e+00  0.0000e+00  0.0000e+00  0.0000e+00  0.0000e+00  0.0000e+00  0.0000e+00  0.0000e+00  0.0000e+00  0.0000e+00  0.0000e+00  0.0000e+00  0.0000e+00  0.0000e+00  0.0000e+00  0.0000e+00  0.0000e+00
25  0.0000e+00  0.0000e+00   0.0000e+00  0.0000e+00  0.0000e+00  0.0000e+00   0.0000e+00  0.0000e+00  0.0000e+00  0.0000e+00  0.0000e+00   0.0000e+00  0.0000e+00  0.0000e+00  0.0000e+00  0.0000e+00   0.0000e+00   0.0000e+00 -2.3203e+12  3.0885e+11  2.5889e+12  1.7987e+13 2.0049e-109   5.7663e+14  6.8785e+11  6.6105e+13  7.7299e+12  3.9346e+13  5.8943e+14  8.6470e+14  1.5958e+12  1.3456e+13 -1.3588e+12  2.2314e+13  2.8182e+14  2.8777e+14  0.0000e+00  0.0000e+00  0.0000e+00  0.0000e+00  0.0000e+00  0.0000e+00  0.0000e+00  0.0000e+00  0.0000e+00  0.0000e+00  0.0000e+00  0.0000e+00  0.0000e+00  0.0000e+00  0.0000e+00  0.0000e+00  0.0000e+00  0.0000e+00  0.0000e+00  0.0000e+00  0.0000e+00  0.0000e+00  0.0000e+00  0.0000e+00  0.0000e+00  0.0000e+00  0.0000e+00  0.0000e+00  0.0000e+00  0.0000e+00
26  0.0000e+00  0.0000e+00   0.0000e+00  0.0000e+00  0.0000e+00  0.0000e+00   0.0000e+00  0.0000e+00  0.0000e+00  0.0000e+00  0.0000e+00   0.0000e+00  0.0000e+00  0.0000e+00  0.0000e+00  0.0000e+00   0.0000e+00   0.0000e+00  1.4602e+11 -2.4530e+12 -1.8135e+13  2.5885e+12  5.1133e+12   5.8847e+13  4.9728e+11  7.7299e+12  6.2613e+13  1.9524e+13  5.6882e+13  7.6502e+13  3.1118e+11  8.0628e+12 -1.8135e+13 -1.4343e+13  4.3630e+13  2.4309e+13  0.0000e+00  0.0000e+00  0.0000e+00  0.0000e+00  0.0000e+00  0.0000e+00  0.0000e+00  0.0000e+00  0.0000e+00  0.0000e+00  0.0000e+00  0.0000e+00  0.0000e+00  0.0000e+00  0.0000e+00  0.0000e+00  0.0000e+00  0.0000e+00  0.0000e+00  0.0000e+00  0.0000e+00  0.0000e+00  0.0000e+00  0.0000e+00  0.0000e+00  0.0000e+00  0.0000e+00  0.0000e+00  0.0000e+00  0.0000e+00
27  0.0000e+00  0.0000e+00   0.0000e+00  0.0000e+00  0.0000e+00  0.0000e+00   0.0000e+00  0.0000e+00  0.0000e+00  0.0000e+00  0.0000e+00   0.0000e+00  0.0000e+00  0.0000e+00  0.0000e+00  0.0000e+00   0.0000e+00   0.0000e+00 -1.6787e+12  1.1072e+13 -1.4343e+13  2.2018e+13  1.0953e+12   3.1909e+14  3.5548e+10  3.9346e+13  1.9524e+13  7.5283e+13  2.9468e+14  6.0339e+14  1.8343e+12  1.8729e+13  2.5885e+12  2.2018e+13  2.8608e+14  2.8699e+14  0.0000e+00  0.0000e+00  0.0000e+00  0.0000e+00  0.0000e+00  0.0000e+00  0.0000e+00  0.0000e+00  0.0000e+00  0.0000e+00  0.0000e+00  0.0000e+00  0.0000e+00  0.0000e+00  0.0000e+00  0.0000e+00  0.0000e+00  0.0000e+00  0.0000e+00  0.0000e+00  0.0000e+00  0.0000e+00  0.0000e+00  0.0000e+00  0.0000e+00  0.0000e+00  0.0000e+00  0.0000e+00  0.0000e+00  0.0000e+00
28  0.0000e+00  0.0000e+00   0.0000e+00  0.0000e+00  0.0000e+00  0.0000e+00   0.0000e+00  0.0000e+00  0.0000e+00  0.0000e+00  0.0000e+00   0.0000e+00  0.0000e+00  0.0000e+00  0.0000e+00  0.0000e+00   0.0000e+00   0.0000e+00 -4.0325e+13  8.4300e+13  4.1503e+13  2.8609e+14  1.7599e+12   9.9188e+15  3.9622e+13  5.8943e+14  5.6882e+13  2.9468e+14  9.9499e+15  1.0310e+16  1.5001e+12  2.3844e+13  6.7056e+12  8.7819e+12  3.9226e+14  3.8926e+14  0.0000e+00  0.0000e+00  0.0000e+00  0.0000e+00  0.0000e+00  0.0000e+00  0.0000e+00  0.0000e+00  0.0000e+00  0.0000e+00  0.0000e+00  0.0000e+00  0.0000e+00  0.0000e+00  0.0000e+00  0.0000e+00  0.0000e+00  0.0000e+00  0.0000e+00  0.0000e+00  0.0000e+00  0.0000e+00  0.0000e+00  0.0000e+00  0.0000e+00  0.0000e+00  0.0000e+00  0.0000e+00  0.0000e+00  0.0000e+00
29  0.0000e+00  0.0000e+00   0.0000e+00  0.0000e+00  0.0000e+00  0.0000e+00   0.0000e+00  0.0000e+00  0.0000e+00  0.0000e+00  0.0000e+00   0.0000e+00  0.0000e+00  0.0000e+00  0.0000e+00  0.0000e+00   0.0000e+00   0.0000e+00 -4.0415e+13  8.9984e+13  3.1107e+13  2.8669e+14  6.9633e+11   9.9483e+15  2.5234e+11  8.6470e+14  7.6502e+13  6.0339e+14  1.0310e+16  1.9903e+16  4.0645e+13  5.8642e+14  5.8847e+13  3.1909e+14  9.9206e+15  9.9510e+15  0.0000e+00  0.0000e+00  0.0000e+00  0.0000e+00  0.0000e+00  0.0000e+00  0.0000e+00  0.0000e+00  0.0000e+00  0.0000e+00  0.0000e+00  0.0000e+00  0.0000e+00  0.0000e+00  0.0000e+00  0.0000e+00  0.0000e+00  0.0000e+00  0.0000e+00  0.0000e+00  0.0000e+00  0.0000e+00  0.0000e+00  0.0000e+00  0.0000e+00  0.0000e+00  0.0000e+00  0.0000e+00  0.0000e+00  0.0000e+00
30  0.0000e+00  0.0000e+00   0.0000e+00  0.0000e+00  0.0000e+00  0.0000e+00   0.0000e+00  0.0000e+00  0.0000e+00  0.0000e+00  0.0000e+00   0.0000e+00  0.0000e+00  0.0000e+00  0.0000e+00  0.0000e+00   0.0000e+00   0.0000e+00  0.0000e+00  0.0000e+00  0.0000e+00  0.0000e+00  0.0000e+00   0.0000e+00 -1.7426e+11  1.5958e+12  3.1118e+11  1.8343e+12  1.5001e+12  4.0645e+13  4.5481e+11  8.1527e+11  4.9728e+11  3.5548e+10  3.9475e+13  2.5234e+11 -6.1402e+10 -1.9786e+12  2.0267e+11 -1.6772e+12 -4.0199e+13 -4.0395e+13  0.0000e+00  0.0000e+00  0.0000e+00  0.0000e+00  0.0000e+00  0.0000e+00  0.0000e+00  0.0000e+00  0.0000e+00  0.0000e+00  0.0000e+00  0.0000e+00  0.0000e+00  0.0000e+00  0.0000e+00  0.0000e+00  0.0000e+00  0.0000e+00  0.0000e+00  0.0000e+00  0.0000e+00  0.0000e+00  0.0000e+00  0.0000e+00
31  0.0000e+00  0.0000e+00   0.0000e+00  0.0000e+00  0.0000e+00  0.0000e+00   0.0000e+00  0.0000e+00  0.0000e+00  0.0000e+00  0.0000e+00   0.0000e+00  0.0000e+00  0.0000e+00  0.0000e+00  0.0000e+00   0.0000e+00   0.0000e+00  0.0000e+00  0.0000e+00  0.0000e+00  0.0000e+00  0.0000e+00   0.0000e+00 -2.0795e+12  1.3456e+13  8.0628e+12  1.8729e+13  2.3844e+13  5.8642e+14  8.1527e+11  8.6427e+13  5.7372e+12  4.6155e+13  5.9360e+14  8.7150e+14  2.7052e+12  1.4758e+13 -1.3588e+12  2.2314e+13  2.8182e+14  2.8777e+14  0.0000e+00  0.0000e+00  0.0000e+00  0.0000e+00  0.0000e+00  0.0000e+00  0.0000e+00  0.0000e+00  0.0000e+00  0.0000e+00  0.0000e+00  0.0000e+00  0.0000e+00  0.0000e+00  0.0000e+00  0.0000e+00  0.0000e+00  0.0000e+00  0.0000e+00  0.0000e+00  0.0000e+00  0.0000e+00  0.0000e+00  0.0000e+00
32  0.0000e+00  0.0000e+00   0.0000e+00  0.0000e+00  0.0000e+00  0.0000e+00   0.0000e+00  0.0000e+00  0.0000e+00  0.0000e+00  0.0000e+00   0.0000e+00  0.0000e+00  0.0000e+00  0.0000e+00  0.0000e+00   0.0000e+00   0.0000e+00  0.0000e+00  0.0000e+00  0.0000e+00  0.0000e+00  0.0000e+00   0.0000e+00  2.0267e+11 -1.3588e+12 -1.8135e+13  2.5885e+12  6.7056e+12  5.8847e+13  4.9728e+11  5.7372e+12  6.2613e+13  1.9524e+13  5.9238e+13  8.3300e+13 -9.1009e+12 -1.2864e+13 -1.8135e+13 -1.4343e+13  4.3630e+13  2.4309e+13  0.0000e+00  0.0000e+00  0.0000e+00  0.0000e+00  0.0000e+00  0.0000e+00  0.0000e+00  0.0000e+00  0.0000e+00  0.0000e+00  0.0000e+00  0.0000e+00  0.0000e+00  0.0000e+00  0.0000e+00  0.0000e+00  0.0000e+00  0.0000e+00  0.0000e+00  0.0000e+00  0.0000e+00  0.0000e+00  0.0000e+00  0.0000e+00
33  0.0000e+00  0.0000e+00   0.0000e+00  0.0000e+00  0.0000e+00  0.0000e+00   0.0000e+00  0.0000e+00  0.0000e+00  0.0000e+00  0.0000e+00   0.0000e+00  0.0000e+00  0.0000e+00  0.0000e+00  0.0000e+00   0.0000e+00   0.0000e+00  0.0000e+00  0.0000e+00  0.0000e+00  0.0000e+00  0.0000e+00   0.0000e+00 -1.6772e+12  2.2314e+13 -1.4343e+13  2.2018e+13  8.7819e+12  3.1909e+14  3.5548e+10  4.6155e+13  1.9524e+13  7.5283e+13  2.9764e+14  6.0606e+14  2.4923e+12  1.9623e+13  2.5885e+12  2.2018e+13  2.8608e+14  2.8699e+14  0.0000e+00  0.0000e+00  0.0000e+00  0.0000e+00  0.0000e+00  0.0000e+00  0.0000e+00  0.0000e+00  0.0000e+00  0.0000e+00  0.0000e+00  0.0000e+00  0.0000e+00  0.0000e+00  0.0000e+00  0.0000e+00  0.0000e+00  0.0000e+00  0.0000e+00  0.0000e+00  0.0000e+00  0.0000e+00  0.0000e+00  0.0000e+00
34  0.0000e+00  0.0000e+00   0.0000e+00  0.0000e+00  0.0000e+00  0.0000e+00   0.0000e+00  0.0000e+00  0.0000e+00  0.0000e+00  0.0000e+00   0.0000e+00  0.0000e+00  0.0000e+00  0.0000e+00  0.0000e+00   0.0000e+00   0.0000e+00  0.0000e+00  0.0000e+00  0.0000e+00  0.0000e+00  0.0000e+00   0.0000e+00 -4.0199e+13  2.8182e+14  4.3630e+13  2.8608e+14  3.9226e+14  9.9206e+15  3.9475e+13  5.9360e+14  5.9238e+13  2.9764e+14  9.9530e+15  1.0337e+16  2.4287e+12  2.7779e+13  7.1517e+12  1.1746e+13  4.1915e+14  4.1592e+14  0.0000e+00  0.0000e+00  0.0000e+00  0.0000e+00  0.0000e+00  0.0000e+00  0.0000e+00  0.0000e+00  0.0000e+00  0.0000e+00  0.0000e+00  0.0000e+00  0.0000e+00  0.0000e+00  0.0000e+00  0.0000e+00  0.0000e+00  0.0000e+00  0.0000e+00  0.0000e+00  0.0000e+00  0.0000e+00  0.0000e+00  0.0000e+00
35  0.0000e+00  0.0000e+00   0.0000e+00  0.0000e+00  0.0000e+00  0.0000e+00   0.0000e+00  0.0000e+00  0.0000e+00  0.0000e+00  0.0000e+00   0.0000e+00  0.0000e+00  0.0000e+00  0.0000e+00  0.0000e+00   0.0000e+00   0.0000e+00  0.0000e+00  0.0000e+00  0.0000e+00  0.0000e+00  0.0000e+00   0.0000e+00 -4.0395e+13  2.8777e+14  2.4309e+13  2.8699e+14  3.8926e+14  9.9510e+15  2.5234e+11  8.7150e+14  8.3300e+13  6.0606e+14  1.0337e+16  1.9905e+16  7.1038e+13  6.0435e+14  5.8847e+13  3.1909e+14  9.9206e+15  9.9510e+15  0.0000e+00  0.0000e+00  0.0000e+00  0.0000e+00  0.0000e+00  0.0000e+00  0.0000e+00  0.0000e+00  0.0000e+00  0.0000e+00  0.0000e+00  0.0000e+00  0.0000e+00  0.0000e+00  0.0000e+00  0.0000e+00  0.0000e+00  0.0000e+00  0.0000e+00  0.0000e+00  0.0000e+00  0.0000e+00  0.0000e+00  0.0000e+00
36  0.0000e+00  0.0000e+00   0.0000e+00  0.0000e+00  0.0000e+00  0.0000e+00   0.0000e+00  0.0000e+00  0.0000e+00  0.0000e+00  0.0000e+00   0.0000e+00  0.0000e+00  0.0000e+00  0.0000e+00  0.0000e+00   0.0000e+00   0.0000e+00  0.0000e+00  0.0000e+00  0.0000e+00  0.0000e+00  0.0000e+00   0.0000e+00  0.0000e+00  0.0000e+00  0.0000e+00  0.0000e+00  0.0000e+00  0.0000e+00 -6.1402e+10  2.7052e+12 -9.1009e+12  2.4923e+12  2.4287e+12  7.1038e+13  3.0848e+13  1.8499e+13  9.9094e+12  3.0429e+13  3.9720e+13  3.0646e+13 -3.9179e+10 -1.9786e+12  2.0267e+11 -1.6772e+12 -4.0199e+13 -4.0395e+13  0.0000e+00  0.0000e+00  0.0000e+00  0.0000e+00  0.0000e+00  0.0000e+00  0.0000e+00  0.0000e+00  0.0000e+00  0.0000e+00  0.0000e+00  0.0000e+00  0.0000e+00  0.0000e+00  0.0000e+00  0.0000e+00  0.0000e+00  0.0000e+00
37  0.0000e+00  0.0000e+00   0.0000e+00  0.0000e+00  0.0000e+00  0.0000e+00   0.0000e+00  0.0000e+00  0.0000e+00  0.0000e+00  0.0000e+00   0.0000e+00  0.0000e+00  0.0000e+00  0.0000e+00  0.0000e+00   0.0000e+00   0.0000e+00  0.0000e+00  0.0000e+00  0.0000e+00  0.0000e+00  0.0000e+00   0.0000e+00  0.0000e+00  0.0000e+00  0.0000e+00  0.0000e+00  0.0000e+00  0.0000e+00 -1.9786e+12  1.4758e+13 -1.2864e+13  1.9623e+13  2.7779e+13  6.0435e+14  1.8499e+13  1.0829e+14  2.8002e+13  6.3832e+13  5.9516e+14  8.8917e+14  3.0896e+12  1.4758e+13 -1.3588e+12  2.2314e+13  2.8182e+14  2.8777e+14  0.0000e+00  0.0000e+00  0.0000e+00  0.0000e+00  0.0000e+00  0.0000e+00  0.0000e+00  0.0000e+00  0.0000e+00  0.0000e+00  0.0000e+00  0.0000e+00  0.0000e+00  0.0000e+00  0.0000e+00  0.0000e+00  0.0000e+00  0.0000e+00
38  0.0000e+00  0.0000e+00   0.0000e+00  0.0000e+00  0.0000e+00  0.0000e+00   0.0000e+00  0.0000e+00  0.0000e+00  0.0000e+00  0.0000e+00   0.0000e+00  0.0000e+00  0.0000e+00  0.0000e+00  0.0000e+00   0.0000e+00   0.0000e+00  0.0000e+00  0.0000e+00  0.0000e+00  0.0000e+00  0.0000e+00   0.0000e+00  0.0000e+00  0.0000e+00  0.0000e+00  0.0000e+00  0.0000e+00  0.0000e+00  2.0267e+11 -1.3588e+12 -1.8135e+13  2.5885e+12  7.1517e+12  5.8847e+13  9.9094e+12  2.8002e+13  6.2613e+13  1.9524e+13  5.9238e+13  8.3300e+13 -1.5899e+13 -1.2864e+13 -1.8135e+13 -1.4343e+13  4.3630e+13  2.4309e+13  0.0000e+00  0.0000e+00  0.0000e+00  0.0000e+00  0.0000e+00  0.0000e+00  0.0000e+00  0.0000e+00  0.0000e+00  0.0000e+00  0.0000e+00  0.0000e+00  0.0000e+00  0.0000e+00  0.0000e+00  0.0000e+00  0.0000e+00  0.0000e+00
39  0.0000e+00  0.0000e+00   0.0000e+00  0.0000e+00  0.0000e+00  0.0000e+00   0.0000e+00  0.0000e+00  0.0000e+00  0.0000e+00  0.0000e+00   0.0000e+00  0.0000e+00  0.0000e+00  0.0000e+00  0.0000e+00   0.0000e+00   0.0000e+00  0.0000e+00  0.0000e+00  0.0000e+00  0.0000e+00  0.0000e+00   0.0000e+00  0.0000e+00  0.0000e+00  0.0000e+00  0.0000e+00  0.0000e+00  0.0000e+00 -1.6772e+12  2.2314e+13 -1.4343e+13  2.2018e+13  1.1746e+13  3.1909e+14  3.0429e+13  6.3832e+13  1.9524e+13  7.5283e+13  2.9764e+14  6.0606e+14  2.7877e+12  1.9623e+13  2.5885e+12  2.2018e+13  2.8608e+14  2.8699e+14  0.0000e+00  0.0000e+00  0.0000e+00  0.0000e+00  0.0000e+00  0.0000e+00  0.0000e+00  0.0000e+00  0.0000e+00  0.0000e+00  0.0000e+00  0.0000e+00  0.0000e+00  0.0000e+00  0.0000e+00  0.0000e+00  0.0000e+00  0.0000e+00
40  0.0000e+00  0.0000e+00   0.0000e+00  0.0000e+00  0.0000e+00  0.0000e+00   0.0000e+00  0.0000e+00  0.0000e+00  0.0000e+00  0.0000e+00   0.0000e+00  0.0000e+00  0.0000e+00  0.0000e+00  0.0000e+00   0.0000e+00   0.0000e+00  0.0000e+00  0.0000e+00  0.0000e+00  0.0000e+00  0.0000e+00   0.0000e+00  0.0000e+00  0.0000e+00  0.0000e+00  0.0000e+00  0.0000e+00  0.0000e+00 -4.0199e+13  2.8182e+14  4.3630e+13  2.8608e+14  4.1915e+14  9.9206e+15  3.9720e+13  5.9516e+14  5.9238e+13  2.9764e+14  9.9530e+15  1.0337e+16  2.8131e+12  2.7779e+13  7.1517e+12  1.1746e+13  4.1915e+14  4.1592e+14  0.0000e+00  0.0000e+00  0.0000e+00  0.0000e+00  0.0000e+00  0.0000e+00  0.0000e+00  0.0000e+00  0.0000e+00  0.0000e+00  0.0000e+00  0.0000e+00  0.0000e+00  0.0000e+00  0.0000e+00  0.0000e+00  0.0000e+00  0.0000e+00
41  0.0000e+00  0.0000e+00   0.0000e+00  0.0000e+00  0.0000e+00  0.0000e+00   0.0000e+00  0.0000e+00  0.0000e+00  0.0000e+00  0.0000e+00   0.0000e+00  0.0000e+00  0.0000e+00  0.0000e+00  0.0000e+00   0.0000e+00   0.0000e+00  0.0000e+00  0.0000e+00  0.0000e+00  0.0000e+00  0.0000e+00   0.0000e+00  0.0000e+00  0.0000e+00  0.0000e+00  0.0000e+00  0.0000e+00  0.0000e+00 -4.0395e+13  2.8777e+14  2.4309e+13  2.8699e+14  4.1592e+14  9.9510e+15  3.0646e+13  8.8917e+14  8.3300e+13  6.0606e+14  1.0337e+16  1.9905e+16  7.3705e+13  6.0435e+14  5.8847e+13  3.1909e+14  9.9206e+15  9.9510e+15  0.0000e+00  0.0000e+00  0.0000e+00  0.0000e+00  0.0000e+00  0.0000e+00  0.0000e+00  0.0000e+00  0.0000e+00  0.0000e+00  0.0000e+00  0.0000e+00  0.0000e+00  0.0000e+00  0.0000e+00  0.0000e+00  0.0000e+00  0.0000e+00
42  0.0000e+00  0.0000e+00   0.0000e+00  0.0000e+00  0.0000e+00  0.0000e+00   0.0000e+00  0.0000e+00  0.0000e+00  0.0000e+00  0.0000e+00   0.0000e+00  0.0000e+00  0.0000e+00  0.0000e+00  0.0000e+00   0.0000e+00   0.0000e+00  0.0000e+00  0.0000e+00  0.0000e+00  0.0000e+00  0.0000e+00   0.0000e+00  0.0000e+00  0.0000e+00  0.0000e+00  0.0000e+00  0.0000e+00  0.0000e+00  0.0000e+00  0.0000e+00  0.0000e+00  0.0000e+00  0.0000e+00  0.0000e+00 -3.9179e+10  3.0896e+12 -1.5899e+13  2.7877e+12  2.8131e+12  7.3705e+13  3.3515e+13  2.5296e+13  1.6707e+13  3.3095e+13  4.0016e+13  3.3312e+13 -3.9179e+10 -1.9786e+12  2.0267e+11 -1.6772e+12 -4.0199e+13 -4.0395e+13  0.0000e+00  0.0000e+00  0.0000e+00  0.0000e+00  0.0000e+00  0.0000e+00  0.0000e+00  0.0000e+00  0.0000e+00  0.0000e+00  0.0000e+00  0.0000e+00
43  0.0000e+00  0.0000e+00   0.0000e+00  0.0000e+00  0.0000e+00  0.0000e+00   0.0000e+00  0.0000e+00  0.0000e+00  0.0000e+00  0.0000e+00   0.0000e+00  0.0000e+00  0.0000e+00  0.0000e+00  0.0000e+00   0.0000e+00   0.0000e+00  0.0000e+00  0.0000e+00  0.0000e+00  0.0000e+00  0.0000e+00   0.0000e+00  0.0000e+00  0.0000e+00  0.0000e+00  0.0000e+00  0.0000e+00  0.0000e+00  0.0000e+00  0.0000e+00  0.0000e+00  0.0000e+00  0.0000e+00  0.0000e+00 -1.9786e+12  1.4758e+13 -1.2864e+13  1.9623e+13  2.7779e+13  6.0435e+14  2.5296e+13  1.0829e+14  2.8002e+13  6.3832e+13  5.9516e+14  8.8917e+14  3.0896e+12  1.4758e+13 -1.3588e+12  2.2314e+13  2.8182e+14  2.8777e+14  0.0000e+00  0.0000e+00  0.0000e+00  0.0000e+00  0.0000e+00  0.0000e+00  0.0000e+00  0.0000e+00  0.0000e+00  0.0000e+00  0.0000e+00  0.0000e+00
44  0.0000e+00  0.0000e+00   0.0000e+00  0.0000e+00  0.0000e+00  0.0000e+00   0.0000e+00  0.0000e+00  0.0000e+00  0.0000e+00  0.0000e+00   0.0000e+00  0.0000e+00  0.0000e+00  0.0000e+00  0.0000e+00   0.0000e+00   0.0000e+00  0.0000e+00  0.0000e+00  0.0000e+00  0.0000e+00  0.0000e+00   0.0000e+00  0.0000e+00  0.0000e+00  0.0000e+00  0.0000e+00  0.0000e+00  0.0000e+00  0.0000e+00  0.0000e+00  0.0000e+00  0.0000e+00  0.0000e+00  0.0000e+00  2.0267e+11 -1.3588e+12 -1.8135e+13  2.5885e+12  7.1517e+12  5.8847e+13  1.6707e+13  2.8002e+13  6.2613e+13  1.9524e+13  5.9238e+13  8.3300e+13 -1.5899e+13 -1.2864e+13 -1.8135e+13 -1.4343e+13  4.3630e+13  2.4309e+13  0.0000e+00  0.0000e+00  0.0000e+00  0.0000e+00  0.0000e+00  0.0000e+00  0.0000e+00  0.0000e+00  0.0000e+00  0.0000e+00  0.0000e+00  0.0000e+00
45  0.0000e+00  0.0000e+00   0.0000e+00  0.0000e+00  0.0000e+00  0.0000e+00   0.0000e+00  0.0000e+00  0.0000e+00  0.0000e+00  0.0000e+00   0.0000e+00  0.0000e+00  0.0000e+00  0.0000e+00  0.0000e+00   0.0000e+00   0.0000e+00  0.0000e+00  0.0000e+00  0.0000e+00  0.0000e+00  0.0000e+00   0.0000e+00  0.0000e+00  0.0000e+00  0.0000e+00  0.0000e+00  0.0000e+00  0.0000e+00  0.0000e+00  0.0000e+00  0.0000e+00  0.0000e+00  0.0000e+00  0.0000e+00 -1.6772e+12  2.2314e+13 -1.4343e+13  2.2018e+13  1.1746e+13  3.1909e+14  3.3095e+13  6.3832e+13  1.9524e+13  7.5283e+13  2.9764e+14  6.0606e+14  2.7877e+12  1.9623e+13  2.5885e+12  2.2018e+13  2.8608e+14  2.8699e+14  0.0000e+00  0.0000e+00  0.0000e+00  0.0000e+00  0.0000e+00  0.0000e+00  0.0000e+00  0.0000e+00  0.0000e+00  0.0000e+00  0.0000e+00  0.0000e+00
46  0.0000e+00  0.0000e+00   0.0000e+00  0.0000e+00  0.0000e+00  0.0000e+00   0.0000e+00  0.0000e+00  0.0000e+00  0.0000e+00  0.0000e+00   0.0000e+00  0.0000e+00  0.0000e+00  0.0000e+00  0.0000e+00   0.0000e+00   0.0000e+00  0.0000e+00  0.0000e+00  0.0000e+00  0.0000e+00  0.0000e+00   0.0000e+00  0.0000e+00  0.0000e+00  0.0000e+00  0.0000e+00  0.0000e+00  0.0000e+00  0.0000e+00  0.0000e+00  0.0000e+00  0.0000e+00  0.0000e+00  0.0000e+00 -4.0199e+13  2.8182e+14  4.3630e+13  2.8608e+14  4.1915e+14  9.9206e+15  4.0016e+13  5.9516e+14  5.9238e+13  2.9764e+14  9.9530e+15  1.0337e+16  2.8131e+12  2.7779e+13  7.1517e+12  1.1746e+13  4.1915e+14  4.1592e+14  0.0000e+00  0.0000e+00  0.0000e+00  0.0000e+00  0.0000e+00  0.0000e+00  0.0000e+00  0.0000e+00  0.0000e+00  0.0000e+00  0.0000e+00  0.0000e+00
47  0.0000e+00  0.0000e+00   0.0000e+00  0.0000e+00  0.0000e+00  0.0000e+00   0.0000e+00  0.0000e+00  0.0000e+00  0.0000e+00  0.0000e+00   0.0000e+00  0.0000e+00  0.0000e+00  0.0000e+00  0.0000e+00   0.0000e+00   0.0000e+00  0.0000e+00  0.0000e+00  0.0000e+00  0.0000e+00  0.0000e+00   0.0000e+00  0.0000e+00  0.0000e+00  0.0000e+00  0.0000e+00  0.0000e+00  0.0000e+00  0.0000e+00  0.0000e+00  0.0000e+00  0.0000e+00  0.0000e+00  0.0000e+00 -4.0395e+13  2.8777e+14  2.4309e+13  2.8699e+14  4.1592e+14  9.9510e+15  3.3312e+13  8.8917e+14  8.3300e+13  6.0606e+14  1.0337e+16  1.9905e+16  7.3705e+13  6.0435e+14  5.8847e+13  3.1909e+14  9.9206e+15  9.9510e+15  0.0000e+00  0.0000e+00  0.0000e+00  0.0000e+00  0.0000e+00  0.0000e+00  0.0000e+00  0.0000e+00  0.0000e+00  0.0000e+00  0.0000e+00  0.0000e+00
