2025-05-05 18:10:04,713 - INFO - 🔧 Starting global matrix assembly...
2025-05-05 18:10:04,714 - DEBUG - This detailed log is written to the assembly.log file
2025-05-05 18:10:04,714 - INFO - Total DOFs: 24, Elements count: 3

DOF mappings per element:
Element 0: DOF mapping = [ 0  1  2  3  4  5  6  7  8  9 10 11]
Element 1: DOF mapping = [ 6  7  8  9 10 11 12 13 14 15 16 17]
Element 2: DOF mapping = [12 13 14 15 16 17 18 19 20 21 22 23]
2025-05-05 18:10:04,717 - INFO - 🔧 Assembling global stiffness matrix...
2025-05-05 18:10:04,718 - INFO - ✅ Stiffness matrix assembled.
2025-05-05 18:10:04,719 - INFO - 🔧 Assembling force vector...
2025-05-05 18:10:04,720 - INFO - ✅ Force vector assembled.

Full K_global Matrix:
            0           1           2           3           4           5           6           7           8           9           10          11          12          13          14          15          16          17          18          19          20          21          22          23
0   1.8043e+10  2.8825e+08 -5.6305e+09  2.2159e+08  1.9175e+08  9.1721e+11 -1.8000e+10  0.0000e+00  6.3049e+08  0.0000e+00  9.1418e+11  0.0000e+00  0.0000e+00  0.0000e+00  0.0000e+00  0.0000e+00  0.0000e+00  0.0000e+00  0.0000e+00  0.0000e+00  0.0000e+00  0.0000e+00  0.0000e+00  0.0000e+00
1   2.8825e+08  5.0837e+10  5.6991e+09  4.0184e+09  2.2318e+09  1.9017e+10 -3.6054e+09 -4.5361e+10 -1.3259e+10  3.4635e+09  6.0338e+09  6.4801e+09  0.0000e+00  0.0000e+00  0.0000e+00  0.0000e+00  0.0000e+00  0.0000e+00  0.0000e+00  0.0000e+00  0.0000e+00  0.0000e+00  0.0000e+00  0.0000e+00
2  -5.6305e+09  5.6991e+09  1.8644e+11  4.3810e+09 -3.4560e+10 -2.5624e+11  5.0000e+09  0.0000e+00 -1.8144e+11  0.0000e+00 -2.0592e+11  0.0000e+00  0.0000e+00  0.0000e+00  0.0000e+00  0.0000e+00  0.0000e+00  0.0000e+00  0.0000e+00  0.0000e+00  0.0000e+00  0.0000e+00  0.0000e+00  0.0000e+00
3   2.2159e+08  4.0184e+09  4.3810e+09  2.9628e+09 -1.3636e+08  8.0251e+09 -1.9012e+08 -1.5762e+08 -3.9986e+09  1.4273e+08 -1.5557e+09  4.6036e+06  0.0000e+00  0.0000e+00  0.0000e+00  0.0000e+00  0.0000e+00  0.0000e+00  0.0000e+00  0.0000e+00  0.0000e+00  0.0000e+00  0.0000e+00  0.0000e+00
4   1.9175e+08  2.2318e+09 -3.4560e+10 -1.3636e+08  2.0543e+10  1.8801e+10 -6.0251e+08  0.0000e+00  3.4560e+10 -1.5063e+08  4.8000e+09  0.0000e+00  0.0000e+00  0.0000e+00  0.0000e+00  0.0000e+00  0.0000e+00  0.0000e+00  0.0000e+00  0.0000e+00  0.0000e+00  0.0000e+00  0.0000e+00  0.0000e+00
5   9.1721e+11  1.9017e+10 -2.5624e+11  8.0251e+09  1.8801e+10  7.4103e+13 -9.1505e+11 -8.6402e+09  7.5743e+10  8.7925e+08  7.3862e+13  1.2000e+09  0.0000e+00  0.0000e+00  0.0000e+00  0.0000e+00  0.0000e+00  0.0000e+00  0.0000e+00  0.0000e+00  0.0000e+00  0.0000e+00  0.0000e+00  0.0000e+00
6  -1.8000e+10 -3.6054e+09  5.0000e+09 -1.9012e+08 -6.0251e+08 -9.1505e+11  3.8811e+10  4.2817e+09 -2.3219e+10 -1.6695e+09 -9.1063e+11  1.0975e+12 -1.8000e+10  1.7836e+11 -1.0840e+10 -6.9523e+10  1.0944e+12  0.0000e+00  0.0000e+00  0.0000e+00  0.0000e+00  0.0000e+00  0.0000e+00  0.0000e+00
7   0.0000e+00 -4.5361e+10  0.0000e+00 -1.5762e+08  0.0000e+00 -8.6402e+09  4.2817e+09  1.0355e+11 -2.1130e+10  5.6440e+09  4.7252e+09  3.9542e+10 -7.0574e+09 -4.5361e+10  6.4606e+10 -2.3482e+10 -3.3013e+10  6.4801e+09  0.0000e+00  0.0000e+00  0.0000e+00  0.0000e+00  0.0000e+00  0.0000e+00
8   6.3049e+08 -1.3259e+10 -1.8144e+11 -3.9986e+09  3.4560e+10  7.5743e+10 -2.3219e+10 -2.1130e+10  4.3104e+11 -1.6690e+10 -2.9909e+10 -1.2336e+12  1.9064e+10 -1.7550e+11 -1.7316e+11  1.4090e+11 -1.1154e+12 -2.6629e+08  0.0000e+00  0.0000e+00  0.0000e+00  0.0000e+00  0.0000e+00  0.0000e+00
9   0.0000e+00  3.4635e+09  0.0000e+00  1.4273e+08 -1.5063e+08  8.7925e+08 -1.6695e+09  5.6440e+09 -1.6690e+10  8.6064e+09  1.7354e+09  2.5848e+10 -2.3002e+08 -5.4001e+08  2.0799e+10 -1.7590e+10  1.1946e+09  6.0001e+07  0.0000e+00  0.0000e+00  0.0000e+00  0.0000e+00  0.0000e+00  0.0000e+00
10  9.1418e+11  6.0338e+09 -2.0592e+11 -1.5557e+09  4.8000e+09  7.3862e+13 -9.1063e+11  4.7252e+09 -2.9909e+10  1.7354e+09  7.3932e+13  1.7104e+10 -2.4620e+09  0.0000e+00  3.4560e+10 -1.9197e+10  4.8000e+09  0.0000e+00  0.0000e+00  0.0000e+00  0.0000e+00  0.0000e+00  0.0000e+00  0.0000e+00
11  0.0000e+00  6.4801e+09  0.0000e+00  4.6036e+06  0.0000e+00  1.2000e+09  1.0975e+12  3.9542e+10 -1.2336e+12  2.5848e+10  1.7104e+10  8.0630e+13 -1.0922e+12  1.4129e+13 -7.7483e+11 -2.6376e+12  8.0342e+13  1.2000e+09  0.0000e+00  0.0000e+00  0.0000e+00  0.0000e+00  0.0000e+00  0.0000e+00
12  0.0000e+00  0.0000e+00  0.0000e+00  0.0000e+00  0.0000e+00  0.0000e+00 -1.8000e+10 -7.0574e+09  1.9064e+10 -2.3002e+08 -2.4620e+09 -1.0922e+12  3.9595e+10 -1.7141e+11 -1.9289e+10 -1.9710e+09 -1.0853e+12  1.1005e+12 -1.7510e+10  2.1836e+11 -1.6443e+10 -1.6856e+11  1.0944e+12  9.1417e+11
13  0.0000e+00  0.0000e+00  0.0000e+00  0.0000e+00  0.0000e+00  0.0000e+00  1.7836e+11 -4.5361e+10 -1.7550e+11 -5.4001e+08  0.0000e+00  1.4129e+13 -1.7141e+11  2.8165e+12 -2.4139e+11 -5.2922e+11  1.4186e+13  3.8520e+10 -7.0574e+09 -4.5361e+10  6.7212e+10 -3.3859e+10 -3.3013e+10  6.4801e+09
14  0.0000e+00  0.0000e+00  0.0000e+00  0.0000e+00  0.0000e+00  0.0000e+00 -1.0840e+10  6.4606e+10 -1.7316e+11  2.0799e+10  3.4560e+10 -7.7483e+11 -1.9289e+10 -2.4139e+11  5.0507e+11  4.7462e+10 -9.7058e+11 -1.2419e+12  1.7338e+10 -2.1397e+11 -1.5587e+11  2.9406e+11 -1.1138e+12 -9.1466e+11
15  0.0000e+00  0.0000e+00  0.0000e+00  0.0000e+00  0.0000e+00  0.0000e+00 -6.9523e+10 -2.3482e+10  1.4090e+11 -1.7590e+10 -1.9197e+10 -2.6376e+12 -1.9710e+09 -5.2922e+11  4.7462e+10  2.0227e+12 -2.4052e+12 -2.3669e+12  6.6246e+10 -5.3235e+11  8.7426e+10  8.5824e+11 -2.3919e+12 -2.3931e+12
16  0.0000e+00  0.0000e+00  0.0000e+00  0.0000e+00  0.0000e+00  0.0000e+00  1.0944e+12 -3.3013e+10 -1.1154e+12  1.1946e+09  4.8000e+09  8.0342e+13 -1.0853e+12  1.4186e+13 -9.7058e+11 -2.4052e+12  8.0456e+13  5.6374e+09 -2.4620e+09  0.0000e+00  4.8383e+10 -2.9574e+10  4.8000e+09  0.0000e+00
17  0.0000e+00  0.0000e+00  0.0000e+00  0.0000e+00  0.0000e+00  0.0000e+00  0.0000e+00  6.4801e+09 -2.6629e+08  6.0001e+07  0.0000e+00  1.2000e+09  1.1005e+12  3.8520e+10 -1.2419e+12 -2.3669e+12  5.6374e+09  8.0632e+13 -1.0919e+12  1.5569e+13 -9.6025e+11 -7.9889e+12  8.0342e+13  7.3856e+13
18  0.0000e+00  0.0000e+00  0.0000e+00  0.0000e+00  0.0000e+00  0.0000e+00  0.0000e+00  0.0000e+00  0.0000e+00  0.0000e+00  0.0000e+00  0.0000e+00 -1.7510e+10 -7.0574e+09  1.7338e+10  6.6246e+10 -2.4620e+09 -1.0919e+12  2.1044e+10 -2.1181e+11  7.1284e+09  1.6247e+11 -1.0839e+12 -9.1489e+11
19  0.0000e+00  0.0000e+00  0.0000e+00  0.0000e+00  0.0000e+00  0.0000e+00  0.0000e+00  0.0000e+00  0.0000e+00  0.0000e+00  0.0000e+00  0.0000e+00  2.1836e+11 -4.5361e+10 -2.1397e+11 -5.3235e+11  0.0000e+00  1.5569e+13 -2.1181e+11  3.0783e+12 -2.5453e+11 -1.6236e+12  1.5614e+13  1.4131e+13
20  0.0000e+00  0.0000e+00  0.0000e+00  0.0000e+00  0.0000e+00  0.0000e+00  0.0000e+00  0.0000e+00  0.0000e+00  0.0000e+00  0.0000e+00  0.0000e+00 -1.6443e+10  6.7212e+10 -1.5587e+11  8.7426e+10  4.8383e+10 -9.6025e+11  7.1284e+09 -2.5453e+11  2.9209e+11  4.3769e+10 -1.1471e+12 -9.1015e+11
21  0.0000e+00  0.0000e+00  0.0000e+00  0.0000e+00  0.0000e+00  0.0000e+00  0.0000e+00  0.0000e+00  0.0000e+00  0.0000e+00  0.0000e+00  0.0000e+00 -1.6856e+11 -3.3859e+10  2.9406e+11  8.5824e+11 -2.9574e+10 -7.9889e+12  1.6247e+11 -1.6236e+12  4.3769e+10  2.1659e+12 -7.7478e+12 -5.3291e+12
22  0.0000e+00  0.0000e+00  0.0000e+00  0.0000e+00  0.0000e+00  0.0000e+00  0.0000e+00  0.0000e+00  0.0000e+00  0.0000e+00  0.0000e+00  0.0000e+00  1.0944e+12 -3.3013e+10 -1.1138e+12 -2.3919e+12  4.8000e+09  8.0342e+13 -1.0839e+12  1.5614e+13 -1.1471e+12 -7.7478e+12  8.0418e+13  7.3851e+13
23  0.0000e+00  0.0000e+00  0.0000e+00  0.0000e+00  0.0000e+00  0.0000e+00  0.0000e+00  0.0000e+00  0.0000e+00  0.0000e+00  0.0000e+00  0.0000e+00  9.1417e+11  6.4801e+09 -9.1466e+11 -2.3931e+12  0.0000e+00  7.3856e+13 -9.1489e+11  1.4131e+13 -9.1015e+11 -5.3291e+12  7.3851e+13  7.3856e+13

Full F_global Vector:
             Force
DOF 0   0.0000e+00
DOF 1   0.0000e+00
DOF 2   0.0000e+00
DOF 3   0.0000e+00
DOF 4   0.0000e+00
DOF 5   0.0000e+00
DOF 6   0.0000e+00
DOF 7   0.0000e+00
DOF 8   0.0000e+00
DOF 9   0.0000e+00
DOF 10  0.0000e+00
DOF 11  0.0000e+00
DOF 12  0.0000e+00
DOF 13  0.0000e+00
DOF 14  0.0000e+00
DOF 15  0.0000e+00
DOF 16  0.0000e+00
DOF 17  0.0000e+00
DOF 18  0.0000e+00
DOF 19 -1.0000e+05
DOF 20  0.0000e+00
DOF 21  0.0000e+00
DOF 22  0.0000e+00
DOF 23  0.0000e+00
2025-05-05 18:10:04,733 - INFO - ✅ Assembly complete.
