2025-05-05 18:10:04,981 [INFO] (condensation:35) - 🔧 Starting static condensation process.
2025-05-05 18:10:04,981 [DEBUG] (condensation:38) - 🔍 Total DOFs in initial system: 24
2025-05-05 18:10:04,982 [DEBUG] (condensation:42) - 🚫 Explicitly Fixed DOFs: [0 1 2 3 4 5]
2025-05-05 18:10:04,983 [DEBUG] (condensation:43) - ✅ Active DOFs after removing fixed: [ 6  7  8  9 10 11 12 13 14 15 16 17 18 19 20 21 22 23]
2025-05-05 18:10:04,984 [DEBUG] (condensation:48) - 🟢 Intermediate K matrix shape: (18, 18)
2025-05-05 18:10:04,985 [INFO] (condensation:53) - 🔍 DOFs removed due to zero rows/columns: 0
2025-05-05 18:10:04,985 [DEBUG] (condensation:54) - ✅ Fully active DOFs post zero check: [ 6  7  8  9 10 11 12 13 14 15 16 17 18 19 20 21 22 23]
2025-05-05 18:10:04,992 [DEBUG] (condensation:62) - 🟠 Secondary inactive DOFs removed: []
2025-05-05 18:10:04,994 [DEBUG] (condensation:85) - 📜 Condensed K matrix:
                   Cond 0 (Orig 6)  Cond 1 (Orig 7)  Cond 2 (Orig 8)  Cond 3 (Orig 9)  Cond 4 (Orig 10)  Cond 5 (Orig 11)  Cond 6 (Orig 12)  Cond 7 (Orig 13)  Cond 8 (Orig 14)  Cond 9 (Orig 15)  Cond 10 (Orig 16)  Cond 11 (Orig 17)  Cond 12 (Orig 18)  Cond 13 (Orig 19)  Cond 14 (Orig 20)  Cond 15 (Orig 21)  Cond 16 (Orig 22)  Cond 17 (Orig 23)
Cond 0 (Orig 6)         3.8811e+10       4.2817e+09      -2.3219e+10      -1.6695e+09       -9.1063e+11        1.0975e+12       -1.8000e+10        1.7836e+11       -1.0840e+10       -6.9523e+10         1.0944e+12         0.0000e+00         0.0000e+00         0.0000e+00         0.0000e+00         0.0000e+00         0.0000e+00         0.0000e+00
Cond 1 (Orig 7)         4.2817e+09       1.0355e+11      -2.1130e+10       5.6440e+09        4.7252e+09        3.9542e+10       -7.0574e+09       -4.5361e+10        6.4606e+10       -2.3482e+10        -3.3013e+10         6.4801e+09         0.0000e+00         0.0000e+00         0.0000e+00         0.0000e+00         0.0000e+00         0.0000e+00
Cond 2 (Orig 8)        -2.3219e+10      -2.1130e+10       4.3104e+11      -1.6690e+10       -2.9909e+10       -1.2336e+12        1.9064e+10       -1.7550e+11       -1.7316e+11        1.4090e+11        -1.1154e+12        -2.6629e+08         0.0000e+00         0.0000e+00         0.0000e+00         0.0000e+00         0.0000e+00         0.0000e+00
Cond 3 (Orig 9)        -1.6695e+09       5.6440e+09      -1.6690e+10       8.6064e+09        1.7354e+09        2.5848e+10       -2.3002e+08       -5.4001e+08        2.0799e+10       -1.7590e+10         1.1946e+09         6.0001e+07         0.0000e+00         0.0000e+00         0.0000e+00         0.0000e+00         0.0000e+00         0.0000e+00
Cond 4 (Orig 10)       -9.1063e+11       4.7252e+09      -2.9909e+10       1.7354e+09        7.3932e+13        1.7104e+10       -2.4620e+09        0.0000e+00        3.4560e+10       -1.9197e+10         4.8000e+09         0.0000e+00         0.0000e+00         0.0000e+00         0.0000e+00         0.0000e+00         0.0000e+00         0.0000e+00
Cond 5 (Orig 11)        1.0975e+12       3.9542e+10      -1.2336e+12       2.5848e+10        1.7104e+10        8.0630e+13       -1.0922e+12        1.4129e+13       -7.7483e+11       -2.6376e+12         8.0342e+13         1.2000e+09         0.0000e+00         0.0000e+00         0.0000e+00         0.0000e+00         0.0000e+00         0.0000e+00
Cond 6 (Orig 12)       -1.8000e+10      -7.0574e+09       1.9064e+10      -2.3002e+08       -2.4620e+09       -1.0922e+12        3.9595e+10       -1.7141e+11       -1.9289e+10       -1.9710e+09        -1.0853e+12         1.1005e+12        -1.7510e+10         2.1836e+11        -1.6443e+10        -1.6856e+11         1.0944e+12         9.1417e+11
Cond 7 (Orig 13)        1.7836e+11      -4.5361e+10      -1.7550e+11      -5.4001e+08        0.0000e+00        1.4129e+13       -1.7141e+11        2.8165e+12       -2.4139e+11       -5.2922e+11         1.4186e+13         3.8520e+10        -7.0574e+09        -4.5361e+10         6.7212e+10        -3.3859e+10        -3.3013e+10         6.4801e+09
Cond 8 (Orig 14)       -1.0840e+10       6.4606e+10      -1.7316e+11       2.0799e+10        3.4560e+10       -7.7483e+11       -1.9289e+10       -2.4139e+11        5.0507e+11        4.7462e+10        -9.7058e+11        -1.2419e+12         1.7338e+10        -2.1397e+11        -1.5587e+11         2.9406e+11        -1.1138e+12        -9.1466e+11
Cond 9 (Orig 15)       -6.9523e+10      -2.3482e+10       1.4090e+11      -1.7590e+10       -1.9197e+10       -2.6376e+12       -1.9710e+09       -5.2922e+11        4.7462e+10        2.0227e+12        -2.4052e+12        -2.3669e+12         6.6246e+10        -5.3235e+11         8.7426e+10         8.5824e+11        -2.3919e+12        -2.3931e+12
Cond 10 (Orig 16)       1.0944e+12      -3.3013e+10      -1.1154e+12       1.1946e+09        4.8000e+09        8.0342e+13       -1.0853e+12        1.4186e+13       -9.7058e+11       -2.4052e+12         8.0456e+13         5.6374e+09        -2.4620e+09         0.0000e+00         4.8383e+10        -2.9574e+10         4.8000e+09         0.0000e+00
Cond 11 (Orig 17)       0.0000e+00       6.4801e+09      -2.6629e+08       6.0001e+07        0.0000e+00        1.2000e+09        1.1005e+12        3.8520e+10       -1.2419e+12       -2.3669e+12         5.6374e+09         8.0632e+13        -1.0919e+12         1.5569e+13        -9.6025e+11        -7.9889e+12         8.0342e+13         7.3856e+13
Cond 12 (Orig 18)       0.0000e+00       0.0000e+00       0.0000e+00       0.0000e+00        0.0000e+00        0.0000e+00       -1.7510e+10       -7.0574e+09        1.7338e+10        6.6246e+10        -2.4620e+09        -1.0919e+12         2.1044e+10        -2.1181e+11         7.1284e+09         1.6247e+11        -1.0839e+12        -9.1489e+11
Cond 13 (Orig 19)       0.0000e+00       0.0000e+00       0.0000e+00       0.0000e+00        0.0000e+00        0.0000e+00        2.1836e+11       -4.5361e+10       -2.1397e+11       -5.3235e+11         0.0000e+00         1.5569e+13        -2.1181e+11         3.0783e+12        -2.5453e+11        -1.6236e+12         1.5614e+13         1.4131e+13
Cond 14 (Orig 20)       0.0000e+00       0.0000e+00       0.0000e+00       0.0000e+00        0.0000e+00        0.0000e+00       -1.6443e+10        6.7212e+10       -1.5587e+11        8.7426e+10         4.8383e+10        -9.6025e+11         7.1284e+09        -2.5453e+11         2.9209e+11         4.3769e+10        -1.1471e+12        -9.1015e+11
Cond 15 (Orig 21)       0.0000e+00       0.0000e+00       0.0000e+00       0.0000e+00        0.0000e+00        0.0000e+00       -1.6856e+11       -3.3859e+10        2.9406e+11        8.5824e+11        -2.9574e+10        -7.9889e+12         1.6247e+11        -1.6236e+12         4.3769e+10         2.1659e+12        -7.7478e+12        -5.3291e+12
Cond 16 (Orig 22)       0.0000e+00       0.0000e+00       0.0000e+00       0.0000e+00        0.0000e+00        0.0000e+00        1.0944e+12       -3.3013e+10       -1.1138e+12       -2.3919e+12         4.8000e+09         8.0342e+13        -1.0839e+12         1.5614e+13        -1.1471e+12        -7.7478e+12         8.0418e+13         7.3851e+13
Cond 17 (Orig 23)       0.0000e+00       0.0000e+00       0.0000e+00       0.0000e+00        0.0000e+00        0.0000e+00        9.1417e+11        6.4801e+09       -9.1466e+11       -2.3931e+12         0.0000e+00         7.3856e+13        -9.1489e+11         1.4131e+13        -9.1015e+11        -5.3291e+12         7.3851e+13         7.3856e+13
2025-05-05 18:10:04,996 [DEBUG] (condensation:86) - 📄 Condensed F vector:
                       F_cond
Cond 0 (Orig 6)    0.0000e+00
Cond 1 (Orig 7)    0.0000e+00
Cond 2 (Orig 8)    0.0000e+00
Cond 3 (Orig 9)    0.0000e+00
Cond 4 (Orig 10)   0.0000e+00
Cond 5 (Orig 11)   0.0000e+00
Cond 6 (Orig 12)   0.0000e+00
Cond 7 (Orig 13)   0.0000e+00
Cond 8 (Orig 14)   0.0000e+00
Cond 9 (Orig 15)   0.0000e+00
Cond 10 (Orig 16)  0.0000e+00
Cond 11 (Orig 17)  0.0000e+00
Cond 12 (Orig 18)  0.0000e+00
Cond 13 (Orig 19) -1.0000e+05
Cond 14 (Orig 20)  0.0000e+00
Cond 15 (Orig 21)  0.0000e+00
Cond 16 (Orig 22)  0.0000e+00
Cond 17 (Orig 23)  0.0000e+00
2025-05-05 18:10:04,997 [INFO] (condensation:89) - 🔗 DOF Mapping (Condensed → Original):
2025-05-05 18:10:04,997 [DEBUG] (condensation:91) - Condensed 0 → Original 6
2025-05-05 18:10:04,998 [DEBUG] (condensation:91) - Condensed 1 → Original 7
2025-05-05 18:10:04,998 [DEBUG] (condensation:91) - Condensed 2 → Original 8
2025-05-05 18:10:05,000 [DEBUG] (condensation:91) - Condensed 3 → Original 9
2025-05-05 18:10:05,001 [DEBUG] (condensation:91) - Condensed 4 → Original 10
2025-05-05 18:10:05,002 [DEBUG] (condensation:91) - Condensed 5 → Original 11
2025-05-05 18:10:05,003 [DEBUG] (condensation:91) - Condensed 6 → Original 12
2025-05-05 18:10:05,004 [DEBUG] (condensation:91) - Condensed 7 → Original 13
2025-05-05 18:10:05,005 [DEBUG] (condensation:91) - Condensed 8 → Original 14
2025-05-05 18:10:05,007 [DEBUG] (condensation:91) - Condensed 9 → Original 15
2025-05-05 18:10:05,008 [DEBUG] (condensation:91) - Condensed 10 → Original 16
2025-05-05 18:10:05,009 [DEBUG] (condensation:91) - Condensed 11 → Original 17
2025-05-05 18:10:05,010 [DEBUG] (condensation:91) - Condensed 12 → Original 18
2025-05-05 18:10:05,011 [DEBUG] (condensation:91) - Condensed 13 → Original 19
2025-05-05 18:10:05,011 [DEBUG] (condensation:91) - Condensed 14 → Original 20
2025-05-05 18:10:05,012 [DEBUG] (condensation:91) - Condensed 15 → Original 21
2025-05-05 18:10:05,013 [DEBUG] (condensation:91) - Condensed 16 → Original 22
2025-05-05 18:10:05,014 [DEBUG] (condensation:91) - Condensed 17 → Original 23
2025-05-05 18:10:05,014 [INFO] (condensation:93) - ✅ Static condensation completed successfully.
