2025-05-05 18:10:04,101 - pre_processing.element_library.element_1D_base - DEBUG - Element Stiffness Matrix Computation (Element ID: 0)
2025-05-05 18:10:04,102 - pre_processing.element_library.element_1D_base - DEBUG - Element Length (L): 6.666670e-01, Jacobian determinant (detJ): 3.333335e-01
2025-05-05 18:10:04,103 - pre_processing.element_library.element_1D_base - DEBUG - Material Stiffness Matrix (D):
2025-05-05 18:10:04,104 - pre_processing.element_library.element_1D_base - DEBUG - [[ 4.000000e+09  0.000000e+00  0.000000e+00  0.000000e+00]
 [ 0.000000e+00  3.333400e+06  0.000000e+00 -0.000000e+00]
 [ 0.000000e+00  0.000000e+00  1.333340e+07  0.000000e+00]
 [ 0.000000e+00 -0.000000e+00  0.000000e+00  1.313076e+06]]
2025-05-05 18:10:04,108 - pre_processing.element_library.element_1D_base - DEBUG - 
----- Gauss Point 1/3 -----
2025-05-05 18:10:04,109 - pre_processing.element_library.element_1D_base - DEBUG - Natural Coordinate (xi): -7.745967e-01, Gauss Weight: 5.555556e-01
2025-05-05 18:10:04,109 - pre_processing.element_library.element_1D_base - DEBUG - Shape Function First Derivatives (dN_dxi):
2025-05-05 18:10:04,110 - pre_processing.element_library.element_1D_base - DEBUG - [[-0.5       0.        0.        0.        0.        0.      ]
 [ 0.        8.24758   0.        0.        0.        0.      ]
 [ 0.        0.        8.24758   0.        0.        0.      ]
 [ 0.        0.        0.       -0.5       0.        0.      ]
 [ 0.        0.        0.        0.       -5.898387  0.      ]
 [ 0.        0.        0.        0.        0.        5.898387]
 [ 0.5       0.        0.        0.        0.        0.      ]
 [ 0.       -8.24758   0.        0.        0.        0.      ]
 [ 0.        0.       -8.24758   0.        0.        0.      ]
 [ 0.        0.        0.        0.5       0.        0.      ]
 [ 0.        0.        0.        0.       -3.349193  0.      ]
 [ 0.        0.        0.        0.        0.        3.349193]]
2025-05-05 18:10:04,111 - pre_processing.element_library.element_1D_base - DEBUG - Shape Function Second Derivatives (d2N_dxi2):
2025-05-05 18:10:04,112 - pre_processing.element_library.element_1D_base - DEBUG - [[  0.        0.        0.        0.        0.        0.     ]
 [  0.      -15.29516   0.        0.        0.        0.     ]
 [  0.        0.      -15.29516   0.        0.        0.     ]
 [  0.        0.        0.        0.        0.        0.     ]
 [  0.        0.        0.        0.        8.64758   0.     ]
 [  0.        0.        0.        0.        0.       -8.64758]
 [  0.        0.        0.        0.        0.        0.     ]
 [  0.       15.29516   0.        0.        0.        0.     ]
 [  0.        0.       15.29516   0.        0.        0.     ]
 [  0.        0.        0.        0.        0.        0.     ]
 [  0.        0.        0.        0.        6.64758   0.     ]
 [  0.        0.        0.        0.        0.       -6.64758]]
2025-05-05 18:10:04,112 - pre_processing.element_library.element_1D_base - DEBUG - Strain-Displacement Matrix (B):
2025-05-05 18:10:04,113 - pre_processing.element_library.element_1D_base - DEBUG - [[  -1.499999    0.          0.          0.          0.          0.
     1.499999    0.          0.          0.          0.          0.      ]
 [   0.       -137.656303    0.          0.          0.        -25.942727
     0.        137.656303    0.          0.          0.        -19.94273 ]
 [   0.          0.       -137.656303    0.         25.942727    0.
     0.          0.        137.656303    0.         19.94273     0.      ]
 [   0.          0.          0.         -1.499999    0.          0.
     0.          0.          0.          1.499999    0.          0.      ]]
2025-05-05 18:10:04,115 - pre_processing.element_library.element_1D_base - DEBUG - Strain-Displacement Matrix Transpose (B.T):
2025-05-05 18:10:04,115 - pre_processing.element_library.element_1D_base - DEBUG - [[  -1.499999    0.          0.          0.      ]
 [   0.       -137.656303    0.          0.      ]
 [   0.          0.       -137.656303    0.      ]
 [   0.          0.          0.         -1.499999]
 [   0.          0.         25.942727    0.      ]
 [   0.        -25.942727    0.          0.      ]
 [   1.499999    0.          0.          0.      ]
 [   0.        137.656303    0.          0.      ]
 [   0.          0.        137.656303    0.      ]
 [   0.          0.          0.          1.499999]
 [   0.          0.         19.94273     0.      ]
 [   0.        -19.94273     0.          0.      ]]
2025-05-05 18:10:04,116 - pre_processing.element_library.element_1D_base - DEBUG - Element Stiffness Matrix Contribution at Gauss Point:
2025-05-05 18:10:04,118 - pre_processing.element_library.element_1D_base - DEBUG - [[ 4.999995e+09  0.000000e+00  0.000000e+00  0.000000e+00  0.000000e+00
   0.000000e+00 -4.999995e+09  0.000000e+00  0.000000e+00  0.000000e+00
   0.000000e+00  0.000000e+00]
 [ 0.000000e+00  3.509192e+10  0.000000e+00  0.000000e+00  0.000000e+00
   6.613428e+09  0.000000e+00 -3.509192e+10  0.000000e+00  0.000000e+00
   0.000000e+00  5.083884e+09]
 [ 0.000000e+00  0.000000e+00  1.403656e+11  0.000000e+00 -2.645332e+10
   0.000000e+00  0.000000e+00  0.000000e+00 -1.403656e+11  0.000000e+00
  -2.033523e+10  0.000000e+00]
 [ 0.000000e+00  0.000000e+00  0.000000e+00  1.641343e+06  0.000000e+00
   0.000000e+00  0.000000e+00  0.000000e+00  0.000000e+00 -1.641343e+06
   0.000000e+00  0.000000e+00]
 [ 0.000000e+00  0.000000e+00 -2.645332e+10  0.000000e+00  4.985396e+09
   0.000000e+00  0.000000e+00  0.000000e+00  2.645332e+10  0.000000e+00
   3.832381e+09  0.000000e+00]
 [ 0.000000e+00  6.613428e+09  0.000000e+00  0.000000e+00  0.000000e+00
   1.246368e+09  0.000000e+00 -6.613428e+09  0.000000e+00  0.000000e+00
   0.000000e+00  9.581095e+08]
 [-4.999995e+09  0.000000e+00  0.000000e+00  0.000000e+00  0.000000e+00
   0.000000e+00  4.999995e+09  0.000000e+00  0.000000e+00  0.000000e+00
   0.000000e+00  0.000000e+00]
 [ 0.000000e+00 -3.509192e+10  0.000000e+00  0.000000e+00  0.000000e+00
  -6.613428e+09  0.000000e+00  3.509192e+10  0.000000e+00  0.000000e+00
   0.000000e+00 -5.083884e+09]
 [ 0.000000e+00  0.000000e+00 -1.403656e+11  0.000000e+00  2.645332e+10
   0.000000e+00  0.000000e+00  0.000000e+00  1.403656e+11  0.000000e+00
   2.033523e+10  0.000000e+00]
 [ 0.000000e+00  0.000000e+00  0.000000e+00 -1.641343e+06  0.000000e+00
   0.000000e+00  0.000000e+00  0.000000e+00  0.000000e+00  1.641343e+06
   0.000000e+00  0.000000e+00]
 [ 0.000000e+00  0.000000e+00 -2.033523e+10  0.000000e+00  3.832381e+09
   0.000000e+00  0.000000e+00  0.000000e+00  2.033523e+10  0.000000e+00
   2.946033e+09  0.000000e+00]
 [ 0.000000e+00  5.083884e+09  0.000000e+00  0.000000e+00  0.000000e+00
   9.581095e+08  0.000000e+00 -5.083884e+09  0.000000e+00  0.000000e+00
   0.000000e+00  7.365193e+08]]
2025-05-05 18:10:04,119 - pre_processing.element_library.element_1D_base - DEBUG - 
2025-05-05 18:10:04,121 - pre_processing.element_library.element_1D_base - DEBUG - 
----- Gauss Point 2/3 -----
2025-05-05 18:10:04,122 - pre_processing.element_library.element_1D_base - DEBUG - Natural Coordinate (xi): 0.000000e+00, Gauss Weight: 8.888889e-01
2025-05-05 18:10:04,123 - pre_processing.element_library.element_1D_base - DEBUG - Shape Function First Derivatives (dN_dxi):
2025-05-05 18:10:04,125 - pre_processing.element_library.element_1D_base - DEBUG - [[-0.5  0.   0.   0.   0.   0. ]
 [ 0.   0.   0.   0.   0.   0. ]
 [ 0.   0.   0.   0.   0.   0. ]
 [ 0.   0.   0.  -0.5  0.   0. ]
 [ 0.   0.   0.   0.  -1.   0. ]
 [ 0.   0.   0.   0.   0.   1. ]
 [ 0.5  0.   0.   0.   0.   0. ]
 [ 0.   0.   0.   0.   0.   0. ]
 [ 0.   0.   0.   0.   0.   0. ]
 [ 0.   0.   0.   0.5  0.   0. ]
 [ 0.   0.   0.   0.  -0.   0. ]
 [ 0.   0.   0.   0.   0.   0. ]]
2025-05-05 18:10:04,126 - pre_processing.element_library.element_1D_base - DEBUG - Shape Function Second Derivatives (d2N_dxi2):
2025-05-05 18:10:04,127 - pre_processing.element_library.element_1D_base - DEBUG - [[ 0.  0.  0.  0.  0.  0.]
 [ 0. -6.  0.  0.  0.  0.]
 [ 0.  0. -6.  0.  0.  0.]
 [ 0.  0.  0.  0.  0.  0.]
 [ 0.  0.  0.  0.  4.  0.]
 [ 0.  0.  0.  0.  0. -4.]
 [ 0.  0.  0.  0.  0.  0.]
 [ 0.  6.  0.  0.  0.  0.]
 [ 0.  0.  6.  0.  0.  0.]
 [ 0.  0.  0.  0.  0.  0.]
 [ 0.  0.  0.  0.  2.  0.]
 [ 0.  0.  0.  0.  0. -2.]]
2025-05-05 18:10:04,128 - pre_processing.element_library.element_1D_base - DEBUG - Strain-Displacement Matrix (B):
2025-05-05 18:10:04,129 - pre_processing.element_library.element_1D_base - DEBUG - [[  -1.499999    0.          0.          0.          0.       -137.656303
     1.499999    0.          0.          0.       -137.656303    0.      ]
 [   0.        -53.999946    0.         -1.499999    0.        -11.999994
    25.942727   53.999946    0.        -25.942727    0.         -5.999997]
 [   1.499999    0.        -53.999946    0.         11.999994  137.656303
     0.          0.         53.999946    0.          5.999997    0.      ]
 [   0.          0.          0.         -1.499999    0.          0.
    19.94273     0.          0.          1.499999    0.          0.      ]]
2025-05-05 18:10:04,131 - pre_processing.element_library.element_1D_base - DEBUG - Strain-Displacement Matrix Transpose (B.T):
2025-05-05 18:10:04,132 - pre_processing.element_library.element_1D_base - DEBUG - [[  -1.499999    0.          1.499999    0.      ]
 [   0.        -53.999946    0.          0.      ]
 [   0.          0.        -53.999946    0.      ]
 [   0.         -1.499999    0.         -1.499999]
 [   0.          0.         11.999994    0.      ]
 [-137.656303  -11.999994  137.656303    0.      ]
 [   1.499999   25.942727    0.         19.94273 ]
 [   0.         53.999946    0.          0.      ]
 [   0.          0.         53.999946    0.      ]
 [   0.        -25.942727    0.          1.499999]
 [-137.656303    0.          5.999997    0.      ]
 [   0.         -5.999997    0.          0.      ]]
2025-05-05 18:10:04,133 - pre_processing.element_library.element_1D_base - DEBUG - Element Stiffness Matrix Contribution at Gauss Point:
2025-05-05 18:10:04,135 - pre_processing.element_library.element_1D_base - DEBUG - [[ 8.026659e+09  0.000000e+00 -9.600034e+08  0.000000e+00  2.133342e+08
   7.366138e+11 -7.999992e+09  0.000000e+00  9.600034e+08  0.000000e+00
   7.342732e+11  0.000000e+00]
 [ 0.000000e+00  8.640156e+09  0.000000e+00  2.400044e+08  0.000000e+00
   1.920036e+09 -4.150915e+09 -8.640156e+09  0.000000e+00  4.150915e+09
   0.000000e+00  9.600178e+08]
 [-9.600034e+08  0.000000e+00  3.456010e+10  0.000000e+00 -7.680027e+09
  -8.810039e+10  0.000000e+00  0.000000e+00 -3.456010e+10  0.000000e+00
  -3.840013e+09  0.000000e+00]
 [ 0.000000e+00  2.400044e+08  0.000000e+00  9.292942e+06  0.000000e+00
   5.333435e+07 -1.502183e+08 -2.400044e+08  0.000000e+00  1.126771e+08
   0.000000e+00  2.666717e+07]
 [ 2.133342e+08  0.000000e+00 -7.680027e+09  0.000000e+00  1.706673e+09
   1.957787e+10  0.000000e+00  0.000000e+00  7.680027e+09  0.000000e+00
   8.533367e+08  0.000000e+00]
 [ 7.366138e+11  1.920036e+09 -8.810039e+10  5.333435e+07  1.957787e+10
   6.760015e+13 -7.350890e+11 -1.920036e+09  8.810039e+10  9.224261e+08
   6.738493e+13  2.133374e+08]
 [-7.999992e+09 -4.150915e+09  0.000000e+00 -1.502183e+08  0.000000e+00
  -7.350890e+11  1.045838e+10  4.150915e+09  0.000000e+00 -1.959273e+09
  -7.341666e+11 -4.612130e+08]
 [ 0.000000e+00 -8.640156e+09  0.000000e+00 -2.400044e+08  0.000000e+00
  -1.920036e+09  4.150915e+09  8.640156e+09  0.000000e+00 -4.150915e+09
   0.000000e+00 -9.600178e+08]
 [ 9.600034e+08  0.000000e+00 -3.456010e+10  0.000000e+00  7.680027e+09
   8.810039e+10  0.000000e+00  0.000000e+00  3.456010e+10  0.000000e+00
   3.840013e+09  0.000000e+00]
 [ 0.000000e+00  4.150915e+09  0.000000e+00  1.126771e+08  0.000000e+00
   9.224261e+08 -1.959273e+09 -4.150915e+09  0.000000e+00  1.996814e+09
   0.000000e+00  4.612130e+08]
 [ 7.342732e+11  0.000000e+00 -3.840013e+09  0.000000e+00  8.533367e+08
   6.738493e+13 -7.341666e+11  0.000000e+00  3.840013e+09  0.000000e+00
   6.737556e+13  0.000000e+00]
 [ 0.000000e+00  9.600178e+08  0.000000e+00  2.666717e+07  0.000000e+00
   2.133374e+08 -4.612130e+08 -9.600178e+08  0.000000e+00  4.612130e+08
   0.000000e+00  1.066687e+08]]
2025-05-05 18:10:04,135 - pre_processing.element_library.element_1D_base - DEBUG - 
2025-05-05 18:10:04,137 - pre_processing.element_library.element_1D_base - DEBUG - 
----- Gauss Point 3/3 -----
2025-05-05 18:10:04,137 - pre_processing.element_library.element_1D_base - DEBUG - Natural Coordinate (xi): 7.745967e-01, Gauss Weight: 5.555556e-01
2025-05-05 18:10:04,137 - pre_processing.element_library.element_1D_base - DEBUG - Shape Function First Derivatives (dN_dxi):
2025-05-05 18:10:04,140 - pre_processing.element_library.element_1D_base - DEBUG - [[-0.5       0.        0.        0.        0.        0.      ]
 [ 0.       -1.04758   0.        0.        0.        0.      ]
 [ 0.        0.       -1.04758   0.        0.        0.      ]
 [ 0.        0.        0.       -0.5       0.        0.      ]
 [ 0.        0.        0.        0.        0.298387  0.      ]
 [ 0.        0.        0.        0.        0.       -0.298387]
 [ 0.5       0.        0.        0.        0.        0.      ]
 [ 0.        1.04758   0.        0.        0.        0.      ]
 [ 0.        0.        1.04758   0.        0.        0.      ]
 [ 0.        0.        0.        0.5       0.        0.      ]
 [ 0.        0.        0.        0.       -0.250807  0.      ]
 [ 0.        0.        0.        0.        0.        0.250807]]
2025-05-05 18:10:04,141 - pre_processing.element_library.element_1D_base - DEBUG - Shape Function Second Derivatives (d2N_dxi2):
2025-05-05 18:10:04,144 - pre_processing.element_library.element_1D_base - DEBUG - [[ 0.       0.       0.       0.       0.       0.     ]
 [ 0.       3.29516  0.       0.       0.       0.     ]
 [ 0.       0.       3.29516  0.       0.       0.     ]
 [ 0.       0.       0.       0.       0.       0.     ]
 [ 0.       0.       0.       0.      -0.64758  0.     ]
 [ 0.       0.       0.       0.       0.       0.64758]
 [ 0.       0.       0.       0.       0.       0.     ]
 [ 0.      -3.29516  0.       0.       0.       0.     ]
 [ 0.       0.      -3.29516  0.       0.       0.     ]
 [ 0.       0.       0.       0.       0.       0.     ]
 [ 0.       0.       0.       0.      -2.64758  0.     ]
 [ 0.       0.       0.       0.       0.       2.64758]]
2025-05-05 18:10:04,145 - pre_processing.element_library.element_1D_base - DEBUG - Strain-Displacement Matrix (B):
2025-05-05 18:10:04,145 - pre_processing.element_library.element_1D_base - DEBUG - [[  -1.499999    0.          1.499999    0.          0.        -53.999946
     1.499999    0.          0.          0.        -53.999946    0.      ]
 [   0.         29.656411    0.         -1.499999    0.          1.942739
    11.999994  -29.656411 -137.656303  -11.999994  137.656303    7.942736]
 [   1.499999   25.942727   29.656411   19.94273    -1.942739   53.999946
     0.          0.        -29.656411    0.         -7.942736    0.      ]
 [   0.        -25.942727    0.         -1.499999 -137.656303    0.
     5.999997    0.          0.          1.499999    0.          0.      ]]
2025-05-05 18:10:04,146 - pre_processing.element_library.element_1D_base - DEBUG - Strain-Displacement Matrix Transpose (B.T):
2025-05-05 18:10:04,147 - pre_processing.element_library.element_1D_base - DEBUG - [[  -1.499999    0.          1.499999    0.      ]
 [   0.         29.656411   25.942727  -25.942727]
 [   1.499999    0.         29.656411    0.      ]
 [   0.         -1.499999   19.94273    -1.499999]
 [   0.          0.         -1.942739 -137.656303]
 [ -53.999946    1.942739   53.999946    0.      ]
 [   1.499999   11.999994    0.          5.999997]
 [   0.        -29.656411    0.          0.      ]
 [   0.       -137.656303  -29.656411    0.      ]
 [   0.        -11.999994    0.          1.499999]
 [ -53.999946  137.656303   -7.942736    0.      ]
 [   0.          7.942736    0.          0.      ]]
2025-05-05 18:10:04,147 - pre_processing.element_library.element_1D_base - DEBUG - Element Stiffness Matrix Contribution at Gauss Point:
2025-05-05 18:10:04,149 - pre_processing.element_library.element_1D_base - DEBUG - [[ 5.016662e+09  2.882538e+08 -4.670478e+09  2.215869e+08 -2.158609e+07
   1.805997e+11 -4.999995e+09  0.000000e+00 -3.295172e+08  0.000000e+00
   1.799115e+11  0.000000e+00]
 [ 2.882538e+08  7.105100e+09  5.699052e+09  3.778387e+09  2.231793e+09
   1.048383e+10  5.454950e+08 -1.628741e+09 -1.325919e+10 -6.874315e+08
   6.033786e+09  4.362181e+08]
 [-4.670478e+09  5.699052e+09  1.151486e+10  4.380983e+09 -4.267775e+08
  -1.681371e+11  4.999995e+09  0.000000e+00 -6.514867e+09  0.000000e+00
  -1.817446e+11  0.000000e+00]
 [ 2.215869e+08  3.778387e+09  4.380983e+09  2.951841e+09 -1.363629e+08
   7.971727e+09 -3.989934e+07  8.238052e+07 -3.998597e+09  3.169262e+07
  -1.555724e+09 -2.206359e+07]
 [-2.158609e+07  2.231793e+09 -4.267775e+08 -1.363629e+08  1.385118e+10
  -7.770987e+08 -6.025101e+08  0.000000e+00  4.267775e+08 -1.506275e+08
   1.143018e+08  0.000000e+00]
 [ 1.805997e+11  1.048383e+10 -1.681371e+11  7.971727e+09 -7.770987e+08
   6.501594e+12 -1.799566e+11 -1.066960e+08 -1.235786e+10 -4.317282e+07
   6.477305e+12  2.857587e+07]
 [-4.999995e+09  5.454950e+08  4.999995e+09 -3.989934e+07 -6.025101e+08
  -1.799566e+11  5.292928e+09 -6.590442e+08 -3.059089e+09 -2.601064e+08
  -1.769406e+11  1.765087e+08]
 [ 0.000000e+00 -1.628741e+09  0.000000e+00  8.238052e+07  0.000000e+00
  -1.066960e+08 -6.590442e+08  1.628741e+09  7.560136e+09  6.590442e+08
  -7.560136e+09 -4.362181e+08]
 [-3.295172e+08 -1.325919e+10 -6.514867e+09 -3.998597e+09  4.267775e+08
  -1.235786e+10 -3.059089e+09  7.560136e+09  4.160679e+10  3.059089e+09
  -3.334707e+10 -2.024795e+09]
 [ 0.000000e+00 -6.874315e+08  0.000000e+00  3.169262e+07 -1.506275e+08
  -4.317282e+07 -2.601064e+08  6.590442e+08  3.059089e+09  2.683131e+08
  -3.059089e+09 -1.765087e+08]
 [ 1.799115e+11  6.033786e+09 -1.817446e+11 -1.555724e+09  1.143018e+08
   6.477305e+12 -1.769406e+11 -7.560136e+09 -3.334707e+10 -3.059089e+09
   6.515546e+12  2.024795e+09]
 [ 0.000000e+00  4.362181e+08  0.000000e+00 -2.206359e+07  0.000000e+00
   2.857587e+07  1.765087e+08 -4.362181e+08 -2.024795e+09 -1.765087e+08
   2.024795e+09  1.168302e+08]]
2025-05-05 18:10:04,150 - pre_processing.element_library.element_1D_base - DEBUG - 
2025-05-05 18:10:04,151 - pre_processing.element_library.element_1D_base - DEBUG - 
===== Final Element Stiffness Matrix (Ke) =====
2025-05-05 18:10:04,152 - pre_processing.element_library.element_1D_base - DEBUG - [[ 1.804332e+10  2.882538e+08 -5.630481e+09  2.215869e+08  1.917481e+08
   9.172135e+11 -1.799998e+10  0.000000e+00  6.304862e+08  0.000000e+00
   9.141847e+11  0.000000e+00]
 [ 2.882538e+08  5.083718e+10  5.699052e+09  4.018392e+09  2.231793e+09
   1.901729e+10 -3.605420e+09 -4.536082e+10 -1.325919e+10  3.463484e+09
   6.033786e+09  6.480120e+09]
 [-5.630481e+09  5.699052e+09  1.864405e+11  4.380983e+09 -3.456012e+10
  -2.562375e+11  4.999995e+09  0.000000e+00 -1.814405e+11  0.000000e+00
  -2.059198e+11  0.000000e+00]
 [ 2.215869e+08  4.018392e+09  4.380983e+09  2.962775e+09 -1.363629e+08
   8.025062e+09 -1.901177e+08 -1.576239e+08 -3.998597e+09  1.427284e+08
  -1.555724e+09  4.603587e+06]
 [ 1.917481e+08  2.231793e+09 -3.456012e+10 -1.363629e+08  2.054325e+10
   1.880077e+10 -6.025101e+08  0.000000e+00  3.456012e+10 -1.506275e+08
   4.800019e+09  0.000000e+00]
 [ 9.172135e+11  1.901729e+10 -2.562375e+11  8.025062e+09  1.880077e+10
   7.410299e+13 -9.150456e+11 -8.640160e+09  7.574252e+10  8.792532e+08
   7.386223e+13  1.200023e+09]
 [-1.799998e+10 -3.605420e+09  4.999995e+09 -1.901177e+08 -6.025101e+08
  -9.150456e+11  2.075130e+10  3.491871e+09 -3.059089e+09 -2.219380e+09
  -9.111072e+11 -2.847043e+08]
 [ 0.000000e+00 -4.536082e+10  0.000000e+00 -1.576239e+08  0.000000e+00
  -8.640160e+09  3.491871e+09  4.536082e+10  7.560136e+09 -3.491871e+09
  -7.560136e+09 -6.480120e+09]
 [ 6.304862e+08 -1.325919e+10 -1.814405e+11 -3.998597e+09  3.456012e+10
   7.574252e+10 -3.059089e+09  7.560136e+09  2.165325e+11  3.059089e+09
  -9.171829e+09 -2.024795e+09]
 [ 0.000000e+00  3.463484e+09  0.000000e+00  1.427284e+08 -1.506275e+08
   8.792532e+08 -2.219380e+09 -3.491871e+09  3.059089e+09  2.266769e+09
  -3.059089e+09  2.847043e+08]
 [ 9.141847e+11  6.033786e+09 -2.059198e+11 -1.555724e+09  4.800019e+09
   7.386223e+13 -9.111072e+11 -7.560136e+09 -9.171829e+09 -3.059089e+09
   7.389406e+13  2.024795e+09]
 [ 0.000000e+00  6.480120e+09  0.000000e+00  4.603587e+06  0.000000e+00
   1.200023e+09 -2.847043e+08 -6.480120e+09 -2.024795e+09  2.847043e+08
   2.024795e+09  9.600182e+08]]
2025-05-05 18:10:04,155 - pre_processing.element_library.element_1D_base - DEBUG - Element Stiffness Matrix Computation (Element ID: 1)
2025-05-05 18:10:04,155 - pre_processing.element_library.element_1D_base - DEBUG - Element Stiffness Matrix Computation (Element ID: 1)
2025-05-05 18:10:04,157 - pre_processing.element_library.element_1D_base - DEBUG - Element Length (L): 6.666660e-01, Jacobian determinant (detJ): 3.333330e-01
2025-05-05 18:10:04,157 - pre_processing.element_library.element_1D_base - DEBUG - Element Length (L): 6.666660e-01, Jacobian determinant (detJ): 3.333330e-01
2025-05-05 18:10:04,158 - pre_processing.element_library.element_1D_base - DEBUG - Material Stiffness Matrix (D):
2025-05-05 18:10:04,158 - pre_processing.element_library.element_1D_base - DEBUG - Material Stiffness Matrix (D):
2025-05-05 18:10:04,159 - pre_processing.element_library.element_1D_base - DEBUG - [[ 4.000000e+09  0.000000e+00  0.000000e+00  0.000000e+00]
 [ 0.000000e+00  3.333400e+06  0.000000e+00 -0.000000e+00]
 [ 0.000000e+00  0.000000e+00  1.333340e+07  0.000000e+00]
 [ 0.000000e+00 -0.000000e+00  0.000000e+00  1.313076e+06]]
2025-05-05 18:10:04,159 - pre_processing.element_library.element_1D_base - DEBUG - [[ 4.000000e+09  0.000000e+00  0.000000e+00  0.000000e+00]
 [ 0.000000e+00  3.333400e+06  0.000000e+00 -0.000000e+00]
 [ 0.000000e+00  0.000000e+00  1.333340e+07  0.000000e+00]
 [ 0.000000e+00 -0.000000e+00  0.000000e+00  1.313076e+06]]
2025-05-05 18:10:04,160 - pre_processing.element_library.element_1D_base - DEBUG - 
----- Gauss Point 1/3 -----
2025-05-05 18:10:04,160 - pre_processing.element_library.element_1D_base - DEBUG - 
----- Gauss Point 1/3 -----
2025-05-05 18:10:04,162 - pre_processing.element_library.element_1D_base - DEBUG - Natural Coordinate (xi): -7.745967e-01, Gauss Weight: 5.555556e-01
2025-05-05 18:10:04,162 - pre_processing.element_library.element_1D_base - DEBUG - Natural Coordinate (xi): -7.745967e-01, Gauss Weight: 5.555556e-01
2025-05-05 18:10:04,164 - pre_processing.element_library.element_1D_base - DEBUG - Shape Function First Derivatives (dN_dxi):
2025-05-05 18:10:04,164 - pre_processing.element_library.element_1D_base - DEBUG - Shape Function First Derivatives (dN_dxi):
2025-05-05 18:10:04,166 - pre_processing.element_library.element_1D_base - DEBUG - [[-0.5       0.        0.        0.        0.        0.      ]
 [ 0.        8.24758   0.        0.        0.        0.      ]
 [ 0.        0.        8.24758   0.        0.        0.      ]
 [ 0.        0.        0.       -0.5       0.        0.      ]
 [ 0.        0.        0.        0.       -5.898387  0.      ]
 [ 0.        0.        0.        0.        0.        5.898387]
 [ 0.5       0.        0.        0.        0.        0.      ]
 [ 0.       -8.24758   0.        0.        0.        0.      ]
 [ 0.        0.       -8.24758   0.        0.        0.      ]
 [ 0.        0.        0.        0.5       0.        0.      ]
 [ 0.        0.        0.        0.       -3.349193  0.      ]
 [ 0.        0.        0.        0.        0.        3.349193]]
2025-05-05 18:10:04,166 - pre_processing.element_library.element_1D_base - DEBUG - [[-0.5       0.        0.        0.        0.        0.      ]
 [ 0.        8.24758   0.        0.        0.        0.      ]
 [ 0.        0.        8.24758   0.        0.        0.      ]
 [ 0.        0.        0.       -0.5       0.        0.      ]
 [ 0.        0.        0.        0.       -5.898387  0.      ]
 [ 0.        0.        0.        0.        0.        5.898387]
 [ 0.5       0.        0.        0.        0.        0.      ]
 [ 0.       -8.24758   0.        0.        0.        0.      ]
 [ 0.        0.       -8.24758   0.        0.        0.      ]
 [ 0.        0.        0.        0.5       0.        0.      ]
 [ 0.        0.        0.        0.       -3.349193  0.      ]
 [ 0.        0.        0.        0.        0.        3.349193]]
2025-05-05 18:10:04,167 - pre_processing.element_library.element_1D_base - DEBUG - Shape Function Second Derivatives (d2N_dxi2):
2025-05-05 18:10:04,167 - pre_processing.element_library.element_1D_base - DEBUG - Shape Function Second Derivatives (d2N_dxi2):
2025-05-05 18:10:04,168 - pre_processing.element_library.element_1D_base - DEBUG - [[  0.        0.        0.        0.        0.        0.     ]
 [  0.      -15.29516   0.        0.        0.        0.     ]
 [  0.        0.      -15.29516   0.        0.        0.     ]
 [  0.        0.        0.        0.        0.        0.     ]
 [  0.        0.        0.        0.        8.64758   0.     ]
 [  0.        0.        0.        0.        0.       -8.64758]
 [  0.        0.        0.        0.        0.        0.     ]
 [  0.       15.29516   0.        0.        0.        0.     ]
 [  0.        0.       15.29516   0.        0.        0.     ]
 [  0.        0.        0.        0.        0.        0.     ]
 [  0.        0.        0.        0.        6.64758   0.     ]
 [  0.        0.        0.        0.        0.       -6.64758]]
2025-05-05 18:10:04,168 - pre_processing.element_library.element_1D_base - DEBUG - [[  0.        0.        0.        0.        0.        0.     ]
 [  0.      -15.29516   0.        0.        0.        0.     ]
 [  0.        0.      -15.29516   0.        0.        0.     ]
 [  0.        0.        0.        0.        0.        0.     ]
 [  0.        0.        0.        0.        8.64758   0.     ]
 [  0.        0.        0.        0.        0.       -8.64758]
 [  0.        0.        0.        0.        0.        0.     ]
 [  0.       15.29516   0.        0.        0.        0.     ]
 [  0.        0.       15.29516   0.        0.        0.     ]
 [  0.        0.        0.        0.        0.        0.     ]
 [  0.        0.        0.        0.        6.64758   0.     ]
 [  0.        0.        0.        0.        0.       -6.64758]]
2025-05-05 18:10:04,170 - pre_processing.element_library.element_1D_base - DEBUG - Strain-Displacement Matrix (B):
2025-05-05 18:10:04,170 - pre_processing.element_library.element_1D_base - DEBUG - Strain-Displacement Matrix (B):
2025-05-05 18:10:04,172 - pre_processing.element_library.element_1D_base - DEBUG - [[  -1.500002    0.          1.499999    0.          0.        -53.999946
     1.500002    0.          0.          0.        -53.999946    0.      ]
 [   0.       -137.656716    0.         -1.499999    0.        -25.942766
    11.999994  137.656716 -137.656303  -11.999994  137.656303  -19.94276 ]
 [   1.499999   25.942727 -137.656716   19.94273    25.942766   53.999946
     0.          0.        137.656716    0.         19.94276     0.      ]
 [   0.        -25.942727    0.         -1.500002 -137.656303    0.
     5.999997    0.          0.          1.500002    0.          0.      ]]
2025-05-05 18:10:04,172 - pre_processing.element_library.element_1D_base - DEBUG - [[  -1.500002    0.          1.499999    0.          0.        -53.999946
     1.500002    0.          0.          0.        -53.999946    0.      ]
 [   0.       -137.656716    0.         -1.499999    0.        -25.942766
    11.999994  137.656716 -137.656303  -11.999994  137.656303  -19.94276 ]
 [   1.499999   25.942727 -137.656716   19.94273    25.942766   53.999946
     0.          0.        137.656716    0.         19.94276     0.      ]
 [   0.        -25.942727    0.         -1.500002 -137.656303    0.
     5.999997    0.          0.          1.500002    0.          0.      ]]
2025-05-05 18:10:04,174 - pre_processing.element_library.element_1D_base - DEBUG - Strain-Displacement Matrix Transpose (B.T):
2025-05-05 18:10:04,174 - pre_processing.element_library.element_1D_base - DEBUG - Strain-Displacement Matrix Transpose (B.T):
2025-05-05 18:10:04,176 - pre_processing.element_library.element_1D_base - DEBUG - [[  -1.500002    0.          1.499999    0.      ]
 [   0.       -137.656716   25.942727  -25.942727]
 [   1.499999    0.       -137.656716    0.      ]
 [   0.         -1.499999   19.94273    -1.500002]
 [   0.          0.         25.942766 -137.656303]
 [ -53.999946  -25.942766   53.999946    0.      ]
 [   1.500002   11.999994    0.          5.999997]
 [   0.        137.656716    0.          0.      ]
 [   0.       -137.656303  137.656716    0.      ]
 [   0.        -11.999994    0.          1.500002]
 [ -53.999946  137.656303   19.94276     0.      ]
 [   0.        -19.94276     0.          0.      ]]
2025-05-05 18:10:04,176 - pre_processing.element_library.element_1D_base - DEBUG - [[  -1.500002    0.          1.499999    0.      ]
 [   0.       -137.656716   25.942727  -25.942727]
 [   1.499999    0.       -137.656716    0.      ]
 [   0.         -1.499999   19.94273    -1.500002]
 [   0.          0.         25.942766 -137.656303]
 [ -53.999946  -25.942766   53.999946    0.      ]
 [   1.500002   11.999994    0.          5.999997]
 [   0.        137.656716    0.          0.      ]
 [   0.       -137.656303  137.656716    0.      ]
 [   0.        -11.999994    0.          1.500002]
 [ -53.999946  137.656303   19.94276     0.      ]
 [   0.        -19.94276     0.          0.      ]]
2025-05-05 18:10:04,177 - pre_processing.element_library.element_1D_base - DEBUG - Element Stiffness Matrix Contribution at Gauss Point:
2025-05-05 18:10:04,177 - pre_processing.element_library.element_1D_base - DEBUG - Element Stiffness Matrix Contribution at Gauss Point:
2025-05-05 18:10:04,179 - pre_processing.element_library.element_1D_base - DEBUG - [[ 5.016677e+09  2.882538e+08 -6.529528e+09  2.215869e+08  2.882543e+08
   1.806000e+11 -5.000010e+09  0.000000e+00  1.529526e+09  0.000000e+00
   1.802216e+11  0.000000e+00]
 [ 2.882538e+08  4.056849e+10 -2.645340e+10  4.243155e+09  7.590531e+09
   1.699059e+10 -3.172647e+09 -3.509213e+10  6.154542e+10  3.030710e+09
  -3.125964e+10  5.083907e+09]
 [-6.529528e+09 -2.645340e+10  1.453664e+11 -2.033529e+10 -2.645344e+10
  -2.350626e+11  5.000003e+09  0.000000e+00 -1.403664e+11  0.000000e+00
  -2.003351e+11  0.000000e+00]
 [ 2.215869e+08  4.243155e+09 -2.033529e+10  2.951841e+09  3.983014e+09
   8.049189e+09 -3.989935e+07 -3.823872e+08  2.071768e+10  3.169262e+07
   2.563651e+09  5.539764e+07]
 [ 2.882543e+08  7.590531e+09 -2.645344e+10  3.983014e+09  1.880864e+10
   1.037715e+10 -6.025101e+08  0.000000e+00  2.645344e+10 -1.506278e+08
   3.832392e+09  0.000000e+00]
 [ 1.806000e+11  1.699059e+10 -2.350626e+11  8.049189e+09  1.037715e+10
   6.502833e+12 -1.805765e+11 -6.613458e+09  6.167634e+10  5.765172e+08
   6.481351e+12  9.581124e+08]
 [-5.000010e+09 -3.172647e+09  5.000003e+09 -3.989935e+07 -6.025101e+08
  -1.805765e+11  5.292943e+09  3.059098e+09 -3.059089e+09 -2.601064e+08
  -1.769409e+11 -4.431811e+08]
 [ 0.000000e+00 -3.509213e+10  0.000000e+00 -3.823872e+08  0.000000e+00
  -6.613458e+09  3.059098e+09  3.509213e+10 -3.509202e+10 -3.059098e+09
   3.509202e+10 -5.083907e+09]
 [ 1.529526e+09  6.154542e+10 -1.403664e+11  2.071768e+10  2.645344e+10
   6.167634e+10 -3.059089e+09 -3.509202e+10  1.754583e+11  3.059089e+09
  -1.475660e+10  5.083892e+09]
 [ 0.000000e+00  3.030710e+09  0.000000e+00  3.169262e+07 -1.506278e+08
   5.765172e+08 -2.601064e+08 -3.059098e+09  3.059089e+09  2.683131e+08
  -3.059089e+09  4.431811e+08]
 [ 1.802216e+11 -3.125964e+10 -2.003351e+11  2.563651e+09  3.832392e+09
   6.481351e+12 -1.769409e+11  3.509202e+10 -1.475660e+10 -3.059089e+09
   6.518025e+12 -5.083892e+09]
 [ 0.000000e+00  5.083907e+09  0.000000e+00  5.539764e+07  0.000000e+00
   9.581124e+08 -4.431811e+08 -5.083907e+09  5.083892e+09  4.431811e+08
  -5.083892e+09  7.365215e+08]]
2025-05-05 18:10:04,179 - pre_processing.element_library.element_1D_base - DEBUG - [[ 5.016677e+09  2.882538e+08 -6.529528e+09  2.215869e+08  2.882543e+08
   1.806000e+11 -5.000010e+09  0.000000e+00  1.529526e+09  0.000000e+00
   1.802216e+11  0.000000e+00]
 [ 2.882538e+08  4.056849e+10 -2.645340e+10  4.243155e+09  7.590531e+09
   1.699059e+10 -3.172647e+09 -3.509213e+10  6.154542e+10  3.030710e+09
  -3.125964e+10  5.083907e+09]
 [-6.529528e+09 -2.645340e+10  1.453664e+11 -2.033529e+10 -2.645344e+10
  -2.350626e+11  5.000003e+09  0.000000e+00 -1.403664e+11  0.000000e+00
  -2.003351e+11  0.000000e+00]
 [ 2.215869e+08  4.243155e+09 -2.033529e+10  2.951841e+09  3.983014e+09
   8.049189e+09 -3.989935e+07 -3.823872e+08  2.071768e+10  3.169262e+07
   2.563651e+09  5.539764e+07]
 [ 2.882543e+08  7.590531e+09 -2.645344e+10  3.983014e+09  1.880864e+10
   1.037715e+10 -6.025101e+08  0.000000e+00  2.645344e+10 -1.506278e+08
   3.832392e+09  0.000000e+00]
 [ 1.806000e+11  1.699059e+10 -2.350626e+11  8.049189e+09  1.037715e+10
   6.502833e+12 -1.805765e+11 -6.613458e+09  6.167634e+10  5.765172e+08
   6.481351e+12  9.581124e+08]
 [-5.000010e+09 -3.172647e+09  5.000003e+09 -3.989935e+07 -6.025101e+08
  -1.805765e+11  5.292943e+09  3.059098e+09 -3.059089e+09 -2.601064e+08
  -1.769409e+11 -4.431811e+08]
 [ 0.000000e+00 -3.509213e+10  0.000000e+00 -3.823872e+08  0.000000e+00
  -6.613458e+09  3.059098e+09  3.509213e+10 -3.509202e+10 -3.059098e+09
   3.509202e+10 -5.083907e+09]
 [ 1.529526e+09  6.154542e+10 -1.403664e+11  2.071768e+10  2.645344e+10
   6.167634e+10 -3.059089e+09 -3.509202e+10  1.754583e+11  3.059089e+09
  -1.475660e+10  5.083892e+09]
 [ 0.000000e+00  3.030710e+09  0.000000e+00  3.169262e+07 -1.506278e+08
   5.765172e+08 -2.601064e+08 -3.059098e+09  3.059089e+09  2.683131e+08
  -3.059089e+09  4.431811e+08]
 [ 1.802216e+11 -3.125964e+10 -2.003351e+11  2.563651e+09  3.832392e+09
   6.481351e+12 -1.769409e+11  3.509202e+10 -1.475660e+10 -3.059089e+09
   6.518025e+12 -5.083892e+09]
 [ 0.000000e+00  5.083907e+09  0.000000e+00  5.539764e+07  0.000000e+00
   9.581124e+08 -4.431811e+08 -5.083907e+09  5.083892e+09  4.431811e+08
  -5.083892e+09  7.365215e+08]]
2025-05-05 18:10:04,180 - pre_processing.element_library.element_1D_base - DEBUG - 
2025-05-05 18:10:04,180 - pre_processing.element_library.element_1D_base - DEBUG - 
2025-05-05 18:10:04,183 - pre_processing.element_library.element_1D_base - DEBUG - 
----- Gauss Point 2/3 -----
2025-05-05 18:10:04,183 - pre_processing.element_library.element_1D_base - DEBUG - 
----- Gauss Point 2/3 -----
2025-05-05 18:10:04,184 - pre_processing.element_library.element_1D_base - DEBUG - Natural Coordinate (xi): 0.000000e+00, Gauss Weight: 8.888889e-01
2025-05-05 18:10:04,184 - pre_processing.element_library.element_1D_base - DEBUG - Natural Coordinate (xi): 0.000000e+00, Gauss Weight: 8.888889e-01
2025-05-05 18:10:04,185 - pre_processing.element_library.element_1D_base - DEBUG - Shape Function First Derivatives (dN_dxi):
2025-05-05 18:10:04,185 - pre_processing.element_library.element_1D_base - DEBUG - Shape Function First Derivatives (dN_dxi):
2025-05-05 18:10:04,187 - pre_processing.element_library.element_1D_base - DEBUG - [[-0.5  0.   0.   0.   0.   0. ]
 [ 0.   0.   0.   0.   0.   0. ]
 [ 0.   0.   0.   0.   0.   0. ]
 [ 0.   0.   0.  -0.5  0.   0. ]
 [ 0.   0.   0.   0.  -1.   0. ]
 [ 0.   0.   0.   0.   0.   1. ]
 [ 0.5  0.   0.   0.   0.   0. ]
 [ 0.   0.   0.   0.   0.   0. ]
 [ 0.   0.   0.   0.   0.   0. ]
 [ 0.   0.   0.   0.5  0.   0. ]
 [ 0.   0.   0.   0.  -0.   0. ]
 [ 0.   0.   0.   0.   0.   0. ]]
2025-05-05 18:10:04,187 - pre_processing.element_library.element_1D_base - DEBUG - [[-0.5  0.   0.   0.   0.   0. ]
 [ 0.   0.   0.   0.   0.   0. ]
 [ 0.   0.   0.   0.   0.   0. ]
 [ 0.   0.   0.  -0.5  0.   0. ]
 [ 0.   0.   0.   0.  -1.   0. ]
 [ 0.   0.   0.   0.   0.   1. ]
 [ 0.5  0.   0.   0.   0.   0. ]
 [ 0.   0.   0.   0.   0.   0. ]
 [ 0.   0.   0.   0.   0.   0. ]
 [ 0.   0.   0.   0.5  0.   0. ]
 [ 0.   0.   0.   0.  -0.   0. ]
 [ 0.   0.   0.   0.   0.   0. ]]
2025-05-05 18:10:04,188 - pre_processing.element_library.element_1D_base - DEBUG - Shape Function Second Derivatives (d2N_dxi2):
2025-05-05 18:10:04,188 - pre_processing.element_library.element_1D_base - DEBUG - Shape Function Second Derivatives (d2N_dxi2):
2025-05-05 18:10:04,189 - pre_processing.element_library.element_1D_base - DEBUG - [[ 0.  0.  0.  0.  0.  0.]
 [ 0. -6.  0.  0.  0.  0.]
 [ 0.  0. -6.  0.  0.  0.]
 [ 0.  0.  0.  0.  0.  0.]
 [ 0.  0.  0.  0.  4.  0.]
 [ 0.  0.  0.  0.  0. -4.]
 [ 0.  0.  0.  0.  0.  0.]
 [ 0.  6.  0.  0.  0.  0.]
 [ 0.  0.  6.  0.  0.  0.]
 [ 0.  0.  0.  0.  0.  0.]
 [ 0.  0.  0.  0.  2.  0.]
 [ 0.  0.  0.  0.  0. -2.]]
2025-05-05 18:10:04,189 - pre_processing.element_library.element_1D_base - DEBUG - [[ 0.  0.  0.  0.  0.  0.]
 [ 0. -6.  0.  0.  0.  0.]
 [ 0.  0. -6.  0.  0.  0.]
 [ 0.  0.  0.  0.  0.  0.]
 [ 0.  0.  0.  0.  4.  0.]
 [ 0.  0.  0.  0.  0. -4.]
 [ 0.  0.  0.  0.  0.  0.]
 [ 0.  6.  0.  0.  0.  0.]
 [ 0.  0.  6.  0.  0.  0.]
 [ 0.  0.  0.  0.  0.  0.]
 [ 0.  0.  0.  0.  2.  0.]
 [ 0.  0.  0.  0.  0. -2.]]
2025-05-05 18:10:04,190 - pre_processing.element_library.element_1D_base - DEBUG - Strain-Displacement Matrix (B):
2025-05-05 18:10:04,190 - pre_processing.element_library.element_1D_base - DEBUG - Strain-Displacement Matrix (B):
2025-05-05 18:10:04,192 - pre_processing.element_library.element_1D_base - DEBUG - [[  -1.500002    0.          1.499999    0.          0.       -137.656716
     1.500002  -25.942727    1.499999    0.       -137.656716    0.      ]
 [   0.        -54.000108   19.94273    -1.500002    0.        -12.000012
    25.942766   54.000108  -53.999946  -25.942766   53.999946   -6.000006]
 [   1.500002   11.999994  -54.000108    5.999997   12.000012  137.656716
     0.          0.         54.000108 -137.656303    6.000006    0.      ]
 [   0.        -11.999994    0.         -1.500002  -53.999946  137.656303
    19.94276     0.          0.          1.500002    0.          0.      ]]
2025-05-05 18:10:04,192 - pre_processing.element_library.element_1D_base - DEBUG - [[  -1.500002    0.          1.499999    0.          0.       -137.656716
     1.500002  -25.942727    1.499999    0.       -137.656716    0.      ]
 [   0.        -54.000108   19.94273    -1.500002    0.        -12.000012
    25.942766   54.000108  -53.999946  -25.942766   53.999946   -6.000006]
 [   1.500002   11.999994  -54.000108    5.999997   12.000012  137.656716
     0.          0.         54.000108 -137.656303    6.000006    0.      ]
 [   0.        -11.999994    0.         -1.500002  -53.999946  137.656303
    19.94276     0.          0.          1.500002    0.          0.      ]]
2025-05-05 18:10:04,193 - pre_processing.element_library.element_1D_base - DEBUG - Strain-Displacement Matrix Transpose (B.T):
2025-05-05 18:10:04,193 - pre_processing.element_library.element_1D_base - DEBUG - Strain-Displacement Matrix Transpose (B.T):
2025-05-05 18:10:04,194 - pre_processing.element_library.element_1D_base - DEBUG - [[  -1.500002    0.          1.500002    0.      ]
 [   0.        -54.000108   11.999994  -11.999994]
 [   1.499999   19.94273   -54.000108    0.      ]
 [   0.         -1.500002    5.999997   -1.500002]
 [   0.          0.         12.000012  -53.999946]
 [-137.656716  -12.000012  137.656716  137.656303]
 [   1.500002   25.942766    0.         19.94276 ]
 [ -25.942727   54.000108    0.          0.      ]
 [   1.499999  -53.999946   54.000108    0.      ]
 [   0.        -25.942766 -137.656303    1.500002]
 [-137.656716   53.999946    6.000006    0.      ]
